0
0
0.12252533337333626
0.039321264119132615
-1.4547292288749394
-3.8919847539582295
-5.7283023368888895
-8.543489260459507
-9.605985818248197
-9.478938102894393
-10.777661356970114
-10.509546888100589
-10.68384543720293
-8.737920807917854
-6.623104530094613
-4.363256721248217
-2.2832042280322695
-1.5592405390130422
-0.5303768964003531
-1.90326474146849
-3.739772803762486
-6.282074450326068
-8.111183585412752
-9.188399768145402
-10.453819366388542
-11.675305735601933
-12.094968951190053
-14.605516035756256
-13.55615615645636
-12.60529266809637
-10.576596543637661
-8.302711081504533
-6.259745104237326
-4.074133376953791
-2.0061055851059013
-0.0337898814497426
1.8603368951793113
3.683471785219039
5.37172814279357
6.960642224421166
8.466612853540346
9.963307762177699
11.360539927906476
12.057731520410542
12.918241672771465
12.708514891937206
10.59303641416302
9.212804100344384
8.239656566385182
6.7843653941868585
3.373177203023234
1.8246775556409802
-0.39292318501403
-3.164027878007048
-4.0271449393175605
-5.996797927884179
-7.580912266898876
-8.983787691021181
-9.039313961716607
-10.73941612015881
-10.53997979843472
-9.156403729654766
-10.24427691599161
-11.802876146610082
-12.164758193367312
-13.783617360826781
-12.457611630671886
-13.719819637278407
-12.276552302209664
-9.966668269326584
-7.981985061527926
-6.13923288677633
-4.049347006157153
-2.61906591921035
-0.6473039667451372
0.6950812928447946
2.4618651265049896
3.6624850956394353
5.171329497259852
6.328043788304566
7.79665775683317
7.563239061478852
8.491459590257612
9.063601660887628
10.423561836039116
11.417859293382973
12.456443789583288
13.448428959208057
14.046900138994795
15.004744305603744
15.362888128602224
15.538912051960553
14.690381485881174
14.742649923718968
12.395765056928427
8.70607156620786
6.67965669261341
4.1614254506513495
2.51900854724515
-0.16839322859948913
-1.2667558561600836
-3.4180425676199935
-3.87743879922384
-6.537611697144878
-8.361994561573766
-7.850695980923266
-10.838549087746653
-9.657366529968307
-7.866631024134818
-7.650914513438794
-6.508037820798165
-4.389488950889264
-6.5021925037837995
-6.172667495830046
-7.230175285348833
-9.46519414396452
-11.49872397963368
-13.488877302870364
-15.226105963016526
-16.518163163948223
-18.070584756071106
-18.65313162956434
-20.331265124495108
-20.69905043858983
-19.634556753520645
-18.30539202193555
-18.129116921734937
-16.165474106398
-14.09883149087351
-16.03372920589847
-15.113539317347902
-15.742027687325852
-16.951536713930388
-18.838855634431326
-20.008356962845326
-20.205149444905008
-21.39027303931375
-21.601471624518037
-20.396816373368438
-18.303219024928417
-15.586954987293062
-12.824179547945677
-10.279915089183914
-7.847148491020515
-5.555334926563419
-3.415580091756863
-1.3375142727499636
0.3996955248302485
1.946502392520067
3.581608508726791
4.83770467120649
6.589605291487145
7.516292555456108
8.59931867592651
9.888788305298126
11.10505919300565
12.383534793059292
13.605544169527315
14.774623181028486
15.173311123254187
15.990014250081003
16.559708555063672
17.144938826112643
17.522507326000174
17.98083978473256
18.943953600207397
14.80874891932791
15.005894621704686
16.21410500439985
16.569492550940723
17.050784176069765
17.65910723487637
17.90553675270955
17.588895605791993
16.959004696348092
16.241592166868443
13.699466518471283
12.20555004478903
9.359258560022402
6.730346822718065
4.104640736175341
2.2051812031978515
2.167948619066354
-1.4223902361400813
-2.3803012556052865
-0.9306642894490167
-0.34891006832850546
1.3942229866187548
2.545081313433026
-0.8760980793268711
-0.3071884693785052
0.33946355912318915
-0.6126470975080865
0.5360980364791562
-2.9727904748919927
-4.241660258114472
-6.0208822456477495
-8.02173766130218
-9.450460771003877
-11.028705393116145
-12.785135146590298
-14.168483606183651
-15.603763138070303
-17.06918398582121
-18.365253485385985
-19.605536507864443
-19.58494634506388
-20.431720650577283
-19.40584325666984
-17.724747260355795
-15.891468858582062
-17.87393761356348
-15.554153286139076
-13.559221721927258
-11.852046455547574
-9.99172941513223
-8.122571322810154
-5.882144681797571
-4.076201239723371
-2.2532386947751677
-0.5552198283948808
1.2024171738341032
2.7141885587012045
4.385457923437595
5.752747781101683
2.9569813020005515
3.0947327852844397
4.340731535618195
4.8143624406341345
2.987040555082789
1.148660274957866
0.40026925120914225
-0.5687097741892403
-2.670324686190115
-4.336151454773009
-4.661423344228742
-6.413971412560674
-7.625012321007234
-9.933648954209202
-11.165021821336454
-11.783335419270768
-12.05362079666049
-13.243807231656842
-13.737210987206577
-12.599278639507338
-14.408932979554903
-15.542997192421742
-17.05252689522429
-17.768712095803522
-18.79020751324756
-19.662501939258867
-18.329729401487647
-16.376743964181152
-14.565283038833133
-12.257390266175705
-10.71994483662073
-10.017271027168949
-9.510283234289389
-7.949888259244494
-6.147661068273325
-4.052426831219663
-2.5990347244998095
-1.1432252104908467
-0.24378262645698712
-3.0844174528068815
-3.7576669836772574
-3.198755655903577
-1.6321456394347662
-0.42646389695616915
1.0987860735903432
2.607719759105307
4.140959139815544
5.577883417951753
6.873461796920756
7.803352332393136
9.121887563855728
10.410340882363338
11.419699433427711
12.611296442763203
13.645488447742139
14.616111476197641
15.306245149169888
15.996103220151078
16.641238139412863
17.308100050288186
17.99188599186821
18.635102302096932
18.653985511293673
19.235611922117908
16.911376302449803
16.07099708028093
16.76116589340717
17.18584158515549
17.924556544948764
18.806496423312804
19.608266914985936
19.966126474367066
20.688487816357124
21.306001079923046
21.656424375306297
21.801792380911944
21.804062844719997
22.46049775734341
19.622377189652
19.623635302803777
18.91219135972479
18.47383905944813
16.024918648781913
14.463432751537736
13.373576647245
13.308765513890373
9.985403786436137
8.980875062023337
7.806805741149632
5.367139160945619
5.927099039151586
4.215334056818381
4.919770932602865
5.029715774079014
6.025021608615048
7.334286442888061
8.016795768033539
8.907314149528869
8.961624725654305
8.600725245967073
6.254070432417609
4.087517930234099
1.8030116394041835
-0.04558759395090184
-1.7672613949481217
-3.429567644498161
-4.867753819839994
-6.4011321007772075
-7.897043200016077
-8.937098957989186
-9.822687849761053
-10.51380739053357
-11.306397267187544
-11.485267232046487
-12.011535012508112
-12.814871577412703
-13.504876940095398
-13.898545385585768
-14.824992054266058
-15.816291370283729
-17.3824852572278
-17.917898171039774
-18.960652115976437
-20.23098220506895
-21.505451997261495
-22.364868862591074
-23.711731763363655
-24.61319797557287
-22.672568402230088
-23.45357534421009
-25.627528506234285
-23.34179636110641
-22.673664314134882
-22.249186355101628
-20.861166141862313
-19.960726846154444
-18.956861143960012
-17.735580587574788
-16.11503604895068
-13.69793206649539
-12.607697763877136
-10.33907441248968
-8.594959887176758
-7.2815554535500215
-5.7161007685375145
-3.8132103557570094
-3.0687231134730024
-1.8899650417505967
-0.521165808523439
-0.16662402918849872
0.8315296013516074
2.2760110817373356
3.5114093567709665
4.361018250402072
5.568876726218309
6.365656507678153
7.157182952385006
8.216314111785158
8.86525493824006
9.697746415948668
10.54560202050315
11.284046505183131
11.787849596098559
12.529333135817973
13.12099877390966
13.753810042362762
14.266194034209121
14.828867818167371
15.287538341417696
15.909600311244512
16.56356386607805
17.091888248047763
17.738961843616828
18.110745601092972
18.700820760227195
18.99383699264608
19.703733045921723
20.26569303938881
20.336330152303624
20.676167366369697
21.25624716265622
21.454557374521002
21.61988262826154
22.009178486040955
21.235227924952998
21.09484996464322
21.06268170127588
21.02788036065987
20.347285836045284
20.131282201693093
19.843240442930313
19.305200780118227
18.604974882888698
17.855877210869043
17.0903256673574
15.31983757782989
14.743388825543931
14.602599052049781
10.806221781025727
8.981524406017693
8.627152077462608
8.883183848623608
8.125215112719616
5.91549872863099
4.957885708369864
3.9498921919698025
2.4523363888088063
2.7367469241539815
2.652076625786769
0.49693997424452796
-1.9050567673135386
-3.7407026247479034
-5.164029758939689
-6.613829202904061
-7.683528043667842
-9.854377998257162
-10.40293248808347
-13.037619260220007
-12.037656763029792
-13.623378544319609
-16.31714160085427
-16.561895056260166
-18.090642645144506
-19.55050971955604
-20.577210031471154
-21.684791524477014
-22.79434199028609
-23.920116557549598
-25.174859180153327
-26.05780049971174
-26.16279810677704
-26.736809115464347
-26.312987838013715
-24.992841815755487
-24.824551708842883
-23.2576056375214
-21.975585311012615
-19.429528275137056
-16.89492739699172
-15.053345228910048
-12.665112162339092
-12.513996139024098
-11.765582910970815
-9.539316902547263
-7.205316397801615
-5.266284545261217
-4.042349845542661
-2.248680265215313
-1.1816554488315951
0.5302456976673846
2.0761945953327325
3.576297858780502
4.247804205927821
4.524136039488795
5.1099658284321166
3.1309008545500303
1.4469441057967747
1.2040952886690643
0.6296016781545708
1.53531148809999
2.7592077697987287
4.06977450443247
5.345947579030762
6.777422463719999
8.035386990407458
9.208565108531964
10.332445657778928
9.871699584155474
10.276636617250158
11.427281145188243
12.407051452769391
12.03241591240531
12.53764626604998
13.64092283630096
12.390377200009642
13.251486915661918
13.716581971057165
14.252915882345293
13.814038213948312
12.253858379892218
11.718682933622068
12.716109416423354
13.614358227788497
14.350266729270746
15.130148894909262
16.21807152691309
16.53540363440925
17.472815270079064
18.39078987535168
19.221035074045115
19.91737518043201
20.5978692627144
21.378078198508646
21.750138922401273
21.95319387645878
18.479455903393692
18.13401873699355
17.694346509061127
17.403596860114675
17.485099204384202
17.05429259925044
17.012124753234822
13.820293614541768
12.412211745384658
8.96798802941087
6.368486737398601
3.8628538967066444
0.5347399990273676
-1.4323981602333085
-3.339297149859002
-5.547559682884923
-7.475043999443834
-9.281242391736559
-10.929544410110392
-12.3704492826554
-14.104820747477875
-15.243310118969998
-17.21816812673277
-17.907981009605646
-18.97530888439144
-20.106648357453935
-20.82623994223171
-22.19976956612989
-23.17323582376968
-24.019293434365807
-25.346066217288914
-25.430830365681288
-26.335515400649502
-26.941884203346827
-28.660702639294293
-29.01721464631571
-29.897078471388628
-29.979684995812487
-29.42253703302672
-29.702144646037127
-29.892288473582628
-28.363979094197617
-29.648790777065205
-29.70020785766137
-30.956794181974903
-31.225281910332363
-30.381863305972338
-28.69191660746981
-25.80456649766081
-23.297197713457546
-20.466715417923975
-17.858533456526388
-15.132461836978829
-12.624321181239209
-10.24280141791659
-7.9335680591886435
-5.806203914035417
-3.5947300657519095
-1.5410522479968802
0.4215624024981022
2.1372143485671407
3.839441152878274
5.49455531880273
6.745489885084002
8.125654938752232
9.351080182572684
10.5567449885691
11.488147208005312
11.521865362738307
12.016628004212015
12.54719993147088
12.604562070633445
10.85417170368605
8.882375186132911
10.159392406431078
6.7212615285683235
5.8029911023119976
4.240800945206866
1.111028302655531
-0.6967404274062616
-3.4591010459315177
-4.152034868858583
-7.700993132045378
-8.407379555320597
-9.218112680701932
-12.165668372440503
-12.676288780340634
-14.536418839717017
-16.32204274548988
-17.646143709703086
-19.142191191505525
-20.881565799654002
-20.951603623820272
-22.56464990518218
-23.463737433079462
-24.60883228665087
-25.78434010585764
-26.597071639469394
-26.859339941899087
-27.661135603955437
-28.785184208767795
-28.422193970408753
-26.41648596374724
-24.25626894526421
-23.514778145802953
-21.649503576720715
-21.304992347262527
-19.42828763701062
-16.81745972619259
-14.399147270794533
-11.908561533453224
-9.479394633222837
-7.208655104453597
-5.035029610376852
-2.9691880213104325
-0.9266251258132061
1.0267386205040503
2.8712522850090267
4.653349372017826
6.3795097747567215
7.942896182618153
9.471652565740193
10.981005099311087
12.349065106025035
13.657664553205136
14.877351149255954
16.071891343733625
17.222177218046625
18.309908787770922
19.354258857684567
20.19177062545364
20.96617157587789
21.73138040029554
22.431275337502647
23.01929372712332
23.631547166189144
24.41392420286685
25.086282942769937
25.504197279052022
25.942113175549572
25.941522051484984
26.61002997651907
27.17132259335275
27.703423255146088
28.217976482871844
28.687249905333765
29.041640090805032
29.35424071984945
29.795734935859223
30.207488838229484
30.417800139951762
30.645042924636467
30.691650581631524
30.928980944814665
30.928640862702235
31.055228550285516
30.976319696466206
30.06018607254009
29.32736722617936
28.54769125187819
26.255781717629603
24.728394648987262
20.65840928425477
17.387496365309055
14.180643816716689
11.258896012432846
7.634110447392276
5.211342645777638
3.105319881770924
0.6483678320812976
-0.6277053022180458
-3.1539316866775384
-5.075679436087913
-7.206320797035351
-8.943231257133705
-10.487537703013011
-12.28125313816021
-14.066411585237114
-15.374596408379563
-16.88874172435929
-18.163894553962347
-19.333153032347113
-20.427631233887332
-21.407414872813565
-22.684932658525447
-23.573382942321384
-24.60636899429554
-25.308335183296848
-26.06861486084205
-26.828158523019
-27.59713547703448
-29.519982932546732
-28.31218975167159
-29.08072099376845
-29.742118752092168
-30.066714258229066
-30.6392787267076
-31.191068161047212
-31.814223807140873
-32.406586455460996
-31.808149826488307
-33.208271333481456
-33.52004285068697
-33.88217738261062
-35.346903586125855
-34.66507871261423
-34.89976686378117
-35.75490725975084
-35.8029935835725
-37.16197217857249
-36.96832137340084
-37.18380739159346
-37.777264833727955
-37.725845934624644
-38.09227183599498
-38.248084208485764
-38.23298379770864
-38.455954536290854
-37.049584152489274
-36.22042400872502
-34.91084024963182
-32.38503989323457
-30.720051895777406
-27.54518410911025
-25.54816528370063
-22.68577004345103
-19.662879036693877
-16.78693875881971
-14.169882610693996
-11.81307160369247
-9.608264055240683
-7.366449258046062
-5.249539228644965
-3.4102434185963055
-1.5804421550687093
0.30426058062716366
1.615533805363496
3.2453190691983393
4.731365779896114
6.034311241589586
7.5483739245240224
8.998433234287528
10.438092040097464
11.685157678836221
12.597767397517714
13.381905296445947
13.438902927302289
13.666085198735106
12.818550658690269
12.112891740780729
11.594963538770589
10.057405778720566
7.887088773657563
5.463917875011344
2.9451122701601578
0.36172021243174335
-0.8433151594100292
-3.208044740144677
-5.314218630399386
-8.09036739867837
-7.651868316086113
-9.892206378519866
-10.25706705460368
-9.576805055631143
-8.257259985732185
-6.75571955974784
-5.03941013078099
-3.621883603521575
-2.1638717612957192
-0.7130625932738905
0.7227728374272309
1.8160509998846301
2.6398344973520507
2.5986775773987834
0.8816846895732326
-0.8128105359922132
-3.796101448756331
-6.257985105947858
-8.134232068077978
-9.998518028986759
-11.983295836069694
-13.163123330611766
-14.19081764550951
-16.162474363879046
-17.241750748067705
-18.391769658735956
-19.747267084491796
-20.832184066572513
-21.282810948407114
-22.68256022104254
-23.714015124057408
-24.85381256573387
-25.689854152418626
-25.674459785832816
-24.55168170139243
-22.783523131872403
-22.920910972023346
-20.588266565224764
-18.010511045279692
-15.560564601839852
-13.15086792062894
-10.769640781118149
-8.502700935900231
-6.301250956060956
-4.116556175062065
-2.061154293477662
-0.16021117836798227
1.656559129029486
3.4133609134138894
5.034392174308559
6.621685542729768
8.13750653413596
9.56413617786009
10.96506094572472
12.327735794235286
13.590802441753947
14.803641807115765
15.966297955680966
17.07311701517566
18.14127246514473
19.156309725550063
20.11486168561102
21.008373262875413
21.839021724171122
22.655187405030286
22.789027643129245
23.231398386099823
23.817709518322115
24.093916017766446
24.254184966089618
24.347213696937676
24.375378567756467
24.71302050086512
25.029059184262557
24.85576810457516
25.381993020549334
22.922321879650838
23.404240451776197
23.877834685318795
23.974111579840326
24.144220018709873
23.82023621781576
23.177225809297802
22.530658416915998
20.598466748264677
17.864108972936396
14.733912455133442
11.443059405529599
8.378573134832262
5.769160048478156
2.782811462749564
1.7571684228347544
-1.5294195359780054
-3.4580857584610074
-4.491979577597484
-5.922178583584865
-7.783905298917819
-8.281630621502655
-9.680354488242703
-8.953809375070879
-8.21290213844652
-6.36721008913886
-4.514629137820599
-2.634626462278711
-0.7174518046946332
0.9198895149117696
2.7736825954054023
2.733407997458397
4.402263524918872
5.985946727654683
5.7900405786872025
6.891188127486004
8.303460305271336
9.582053847223442
10.648953426867337
11.625935969777574
12.129343214189776
11.284139018748617
10.760798076387625
9.422358533204013
8.378946681191332
5.370005587832457
2.6116734599493943
0.7372801570453409
-0.8165457840094663
-3.5769213704351563
-6.174702522061377
-7.671278751568963
-9.794569304486158
-11.573267919230172
-13.393403671689631
-14.73152512954662
-16.110260390240075
-17.43345472275169
-18.98243577882333
-19.848779650058813
-21.301034991824686
-22.188605854345003
-23.199552118758444
-24.09962526410428
-24.926535165566
-25.73089248086159
-26.493325101529695
-27.227523163633965
-27.865675748381776
-28.563822689729356
-29.181672711771125
-29.74236311480023
-29.48330899471439
-31.08117277043896
-31.34781129719096
-31.677500847444275
-32.306004868871305
-33.02794636553388
-33.38914167926464
-33.77134898077763
-32.03701934342914
-30.35699417710951
-29.153197777096164
-26.652832367320112
-23.82824827342246
-23.194951385185806
-20.484623155170507
-17.899432939555243
-15.42702024316774
-12.813441329878268
-10.319766883533083
-8.438719870122725
-6.499204030529095
-4.810730796874616
-3.072735007211702
-1.3695006074101923
0.17045871633924325
1.1620632298130347
1.9918446147388633
2.1150967765810185
3.5234547470168645
4.101433651287384
5.313870435153083
6.568571084809165
7.926219400564377
9.362949257886289
10.645408275240666
11.881421302756523
13.144714551810631
14.365537969512722
15.519740130263063
16.610937217814165
17.682266810166716
18.734135917043194
19.726882961231393
20.67058712702143
21.206602631206472
21.975315651501198
22.67004325708277
23.336348708610785
23.972041658735332
24.423745982759858
24.89510626390864
25.292980342413827
25.75567004268416
26.103061488691363
26.27706988350086
26.010951856910474
25.996163263591992
25.63653717056866
25.08359517134005
22.984410262710057
19.52094308202321
18.57490888045917
16.038255381286934
15.559948468051534
12.396238642630223
9.597856233551724
7.347742063025621
5.281492118847813
5.763757987640487
2.6636146328879784
0.8175379622389263
-1.013648404490477
-0.3252047508165059
-3.0841126049752567
-4.609609611671789
-6.203500540098875
-7.596705107179841
-9.374705496333046
-9.807701511907515
-12.401431842703733
-12.9893114237175
-14.231513074673291
-14.830491151759285
-14.864361521556255
-16.92922076909057
-15.659511549531189
-15.430334926670703
-14.797780952645684
-13.777503300961678
-12.812241837406955
-10.632993960347832
-8.470532340203643
-6.354821980374949
-4.750887011411491
-2.7988360222557906
-0.9816462329662339
0.7858962183243082
2.60151622331203
4.1323062053369055
5.153429925572835
6.16386853030944
7.053260570281781
7.434788390829967
7.116634832251261
7.512709972150309
5.656609220060528
3.013555295177753
0.905913231947236
1.8301643769083678
0.18117559891414237
0.739015368727668
1.9095727695699813
3.446379044368382
5.025957905253187
6.571599161147889
8.106527973343578
9.58151536186281
11.060058891980827
12.184398227310261
13.294626384946161
14.103513861143728
14.763602043580912
15.788040453441537
16.61416032725988
16.947413864723366
17.466347015065057
17.77739986836154
17.042795747426354
17.80580081722776
18.342828334829715
19.023379123607526
19.638259805803614
20.17934636109694
20.8628774892557
21.629122189249838
22.350735102908594
23.066435150863956
23.63992967764872
23.510410880694803
23.845756539612424
24.01659237947195
24.028889949470077
24.040588697541843
23.730169141515724
23.210774018286884
20.207485917041968
19.084152711307866
19.28626782824566
18.07312798455996
18.118111863798912
14.919482283073762
15.49943326346512
16.227351306076173
17.071133856002277
17.43344743147311
18.02189096749886
18.53513988500234
19.0613839326724
19.392332515407947
19.01483587182135
18.77243312267105
16.774620699411027
14.98699314753825
12.408502555158613
9.217094444636007
6.474009250280886
3.574822676950401
0.9997027911070693
-1.037260996502869
-3.4203433993083907
-5.188500273037972
-7.107103703292147
-9.309828708400703
-10.854186426760261
-12.687217035667196
-14.356429780981701
-15.951921237866058
-16.91107766982074
-19.096094018804703
-19.80780894895453
-20.92271907369171
-21.455761104053572
-22.481378339193636
-23.44351431438736
-23.724445230289547
-23.51577036878206
-21.649877432549335
-20.256185939103894
-17.944712410744444
-16.017104174128015
-13.56113580600357
-11.088309816192629
-9.591157156831011
-7.477852333661223
-5.637322238339072
-5.192239379648541
-3.9460431028012697
-4.890104092955221
-6.802120522987855
-6.719297880679249
-9.097865378419602
-11.36545785750224
-12.251611140891805
-12.886591174660111
-13.31854552069332
-14.045579356483449
-12.725810765657933
-10.869928816611772
-8.664044620084233
-6.472542071025446
-4.338668721284173
-2.365443057050489
-0.4274846584341305
1.4618356474625884
3.2611671520774075
4.990979828671899
6.669579988205802
8.234661663900692
9.721794489278999
11.120876896863031
12.421680007679804
13.663344992033545
14.849424577333146
15.973960456136606
16.902937590435506
17.643396591975755
18.3472465055803
18.855614256372267
17.49735277111489
15.611055257564903
14.367976821849853
11.688205269832444
9.425605019083429
5.988460871646273
3.6849348489288754
1.0823377817982336
-0.6837195552820092
-1.2884346911331142
-4.6003213639886775
-4.0315992372881535
-4.978727162291684
-6.647518899992425
-5.933066757453705
-5.247974141567371
-4.484958588873323
-6.633879831976506
-6.953260880918709
-5.622663994765515
-4.510970095750329
-3.683157633952315
-3.0218404628975346
-2.3296922186695443
-0.7986091928203778
0.8653724230811309
2.3774053721200374
2.356125389700455
3.2661917845868134
4.258612393587319
4.809607996024013
3.142970985676916
1.5864275712995413
-1.2973520423170846
-3.83130100323297
-6.082124554577675
-8.249748629167202
-9.75212359424406
-11.461867873238665
-13.14988173620451
-14.301722582575314
-15.510841389359054
-15.969220009754416
-16.48850819906271
-15.304536445476634
-13.80574399587423
-12.011704970345063
-10.563745938842303
-8.7332046736525
-7.073991684851691
-4.9171774329418865
-2.9092497719127905
-0.7918186089025945
1.0304405480500058
1.6603473774212507
2.632865297454213
2.8688958349731157
1.32347438053351
-1.2671066668113036
-3.942561073189129
-6.318241252481419
-7.9486142559831485
-10.477631228226063
-11.758251222976856
-12.896205558086582
-14.56292737333164
-16.41903057077924
-17.55927257852762
-17.55153361427033
-19.14601075388696
-19.37837045653251
-18.750166073822438
-17.486577425202704
-15.751323848061013
-13.290970555537076
-10.808965120513294
-9.237335754178028
-6.960665450538741
-4.7546172182898125
-2.7274183077351077
-0.692837048515091
1.090733645606265
2.9328537641047285
4.302638167047812
6.074581874282099
7.71812081180531
9.198668438288866
10.585963245542555
11.971910880086693
13.218379221140456
14.489863611656508
15.627730489643694
16.70488063571007
17.734318943372173
18.68513698482789
19.13628186409383
19.266370201122836
19.702374724092927
18.372565779856117
16.752612305237726
13.176878983376072
10.028839826160183
7.549575665657967
5.301861947125076
2.5590425935578454
0.8361962798387346
-0.9577282515426098
-3.724963009506159
-2.923883324123709
-1.9408281265025717
-1.2314267063690412
-0.08966781075601227
1.2049990696655972
2.361702946398249
3.4593600001089078
4.566921656318981
6.219995142640759
7.618279506963106
9.04821227926691
10.414614102284602
11.659820839803679
12.995862880702942
14.113447534178446
15.197080020396625
16.161365464240355
17.065149613579283
17.94739132089487
18.26618409072337
17.02209736389072
15.306519541927946
13.770117362302662
11.808041927021986
8.333023620634883
6.003429273814955
3.027047335992389
0.5757706855805216
-1.6224626796560284
-3.9711360172602506
-4.476229145393021
-6.983492971780373
-8.563012026110567
-8.061497976851564
-7.223782482082385
-6.327808528505815
-4.895493753870121
-3.0862734141404933
-1.153043198137469
0.20807229295899954
0.9743513981499152
2.0752800608449453
3.0545062253541566
2.0956613700255806
0.4049736854128221
-2.6548438205548077
-4.927888248629341
-7.172011427878806
-9.271525939128514
-10.69796930590017
-12.652583890143946
-13.846230221905383
-14.321395768394975
-16.397114133453556
-16.911712585369493
-16.84916991489967
-15.768722500332652
-14.214224000433662
-14.167157010072366
-12.007706587881465
-9.723418786766674
-7.595753616949242
-5.880841198402033
-4.084506483944636
-2.0570938983781826
-0.17890576677276693
1.578891955002053
2.6562914716778607
3.955769828411947
4.7836275917429045
6.200054623409887
5.8971878011704
5.387301578005479
3.3385606049681424
1.4897293501901858
2.227222776189292
-1.4948202673966926
-2.3314535144158754
-4.0027652223486
-6.726172619709354
-8.415645610704619
-10.298527553002572
-12.231288955192372
-14.376554304733899
-15.058879515791684
-17.211333872268142
-18.439786059208796
-19.706206225416153
-20.627636481960053
-22.366188435767622
-21.676209619040566
-23.8821787041565
-24.591380198510503
-24.92927221463153
-23.06273994571141
-22.36354324226656
-20.966116121735194
-19.32404771881949
-17.262054968877276
-15.004050560762714
-12.541182210926845
-10.137605253878448
-7.984667031577675
-6.089756221615053
-4.013866323221887
-1.9797582917465442
-0.9063814575211429
0.1742850749727093
0.09715793567705538
-1.9296736463235096
-4.411525564345222
-6.447485732624038
-8.886782480922946
-9.918269810253411
-11.993891402857635
-12.265577553542675
-11.83228152357668
-10.556531330107706
-8.716241454988337
-6.63330781154864
-4.596737775537209
-3.426637564551789
-1.4033524065609118
0.5120793122567826
2.195085641117502
3.8299020642883246
5.259594774999339
6.644817658882061
7.479892699022551
7.788442411611756
9.126929163228786
9.796338273843674
10.558604981838831
11.516194082773074
11.34780674378489
12.240496182958424
13.28839681360131
14.374576638089273
15.300018343336845
16.280775830318138
17.194467741142024
18.037070056458266
17.897460556754837
18.469944608221994
18.24881539759634
16.383158361960593
13.673665004758284
10.702655313104396
7.578722998041082
4.786327677888259
1.7234255468060655
-0.6007078860503525
-2.706382106554707
-4.48515494378325
-5.956046072266388
-7.933951467060696
-9.031671659646475
-10.707375908284424
-11.803413688059806
-13.251329394761825
-14.335613185766158
-15.856112868378021
-16.260186513268795
-18.278747207286774
-18.85060892273798
-19.285494230135217
-19.58330173186586
-19.669728081853865
-19.665621423826572
-18.45904595466201
-16.142404617867296
-15.666711343095177
-13.955245528674139
-12.29317545595202
-11.396732037350702
-10.179086537529658
-8.036304834579974
-5.908653643918619
-3.978582541450951
-2.2484249591879646
-0.39642885444178777
1.3690332900405187
3.028775798424514
4.739516787935477
6.3854930600242685
7.809633752116258
9.234706521584389
10.609420627667205
11.949851739543583
13.174624554891798
14.296331318035596
15.233758720745634
16.217024318422236
17.071883923540415
17.9364634885873
18.7041196711062
19.430758129465154
20.121422320029637
20.770330206396547
21.360033657604287
20.93497514761993
18.892639018920843
15.894303882475356
13.51486207180664
10.24301207831864
7.986638226546309
5.028316732355286
3.472083198805148
3.191495569908959
4.029780554925068
5.349876627798254
6.791349127243977
7.757043798879377
8.924384108674127
10.167729339517656
11.648328010851674
12.907501475286232
14.121720072319738
15.28910314214648
16.36667299191951
17.09396418169632
17.567024484165007
17.050825580021034
17.882742612262806
16.496668665979954
16.11170599924583
13.964917106054452
10.65904091342427
8.70487314819847
8.511401299993931
4.791356900608763
3.513807100893816
2.99455170814373
2.6394479808545346
1.0691078912385599
-1.5977854086147547
-1.008019413759389
-4.287807983764517
-3.37682348265405
-2.041752648630415
-1.1930528837055334
0.03858683257452156
1.3212913134375126
1.90778068898671
2.352177751942329
2.7642811786364385
3.2760176128242176
1.7310698569009582
0.17769157721723783
-1.9444513498301503
-4.731795476649669
-6.899358935848067
-7.874012132287972
-7.151150164437162
-9.795568356654783
-12.043989279809356
-11.496684355792533
-10.983776245136035
-9.89349057815689
-11.675454773100107
-10.94106704745446
-9.77640887358241
-12.35500178717658
-11.235450758631062
-12.222042135687653
-11.370245503657431
-11.411677577836175
-9.795703473479604
-7.747731682218464
-6.012188020579638
-5.1723845490470595
-3.458077539716366
-2.0931862522561673
-2.8823108501736936
-4.541144024143972
-7.075678300543821
-9.559184873722758
-11.180870348837878
-13.154563526384585
-14.692489294998028
-15.215127815986419
-16.97632117029724
-18.095577896142476
-18.24935684385533
-18.441073354870124
-19.319620698172894
-18.822673294846513
-16.730988542662494
-14.400022861691784
-11.991017849702143
-9.709932615115026
-7.285440569853462
-5.223623105271224
-3.1196676298216435
-1.4012797928224825
0.20267144641693324
1.752787614892453
3.3523612780246723
4.8270523340627545
6.22864451893753
5.489332692959699
5.882903367728639
5.595005727028557
2.909408088649361
0.22902380179160975
-2.255105048264038
-4.744807125714896
-6.710029583405705
-7.557076634419295
-9.560726971568915
-10.426805768251732
-9.295851275752717
-7.400096088512124
-5.3017412188761535
-3.4496372668338213
-1.5740912679022707
0.26214460705334486
1.982412432462962
3.5906272334327882
5.300623236035095
6.864084599763757
8.310614623666238
9.703965254839993
11.089314870669462
12.408645855717786
13.669944279883524
14.83384781768342
15.962974501691809
16.964930872973312
17.918783501401705
18.76279558337515
19.6097401123025
20.380329158714964
20.296016051421265
20.937095304773894
18.55636007097929
17.766980391589165
14.789275479901578
12.062838996457012
9.489086596310475
6.0579511444780625
4.111691414231264
0.9852875188872012
-1.1790360006801461
-3.804899726155359
-4.6957718326673366
-6.817881577437213
-8.991675029746832
-8.288639872758964
-9.600185002487127
-8.328109985598697
-6.28131794977735
-4.242156172225614
-2.303163657790015
-0.33058721643459776
1.516931501281294
2.9495837354479555
4.3477133327986195
5.224818185770251
4.647113590638147
2.1950539644301235
-0.911256145771719
-3.2850936905913364
-5.5537600017741315
-7.6945181053461695
-9.197312970768934
-10.772205280828665
-12.357496601499825
-12.708874390366178
-14.327797569200776
-14.853026923068766
-13.481341474153087
-11.169958564064904
-8.672992465105843
-6.418811530426288
-4.433089404967946
-2.2581027123779123
-0.21141891450077166
1.5829465626038726
3.365893246854088
5.040080030757863
6.391610683615481
7.995896953271421
9.053599953367094
9.967211803556104
10.32197090931612
8.219151863282555
7.908976086935525
6.526073819117125
4.456778424868784
4.296703639002528
5.1064948859537
6.407119055415106
7.761631391414703
8.093175327142388
8.681795219461495
8.964004991942119
8.648241168496511
5.70089525227052
3.4868189054821337
0.386158550511178
-0.3924981288029881
-2.7123763327261377
-3.5092710674054244
-4.820167290304642
-3.118441836978967
-1.192022055876951
0.682286381774674
2.5315511348060875
4.212228253502555
5.9228072756108485
7.500022388957217
8.958152457692503
10.405813332853953
11.786876138082393
12.696920451899524
13.916782281358339
14.340355292806397
12.965313204989526
10.981750831963907
8.293982140271938
4.850182258478217
2.5644896904854373
-0.3581125193218
-1.2801773519467319
-4.19586872296478
-5.713530236125763
-6.875033311237294
-6.855208638319616
-5.491112613188901
-4.734414348832017
-3.587849749570914
-2.339830490236518
-0.8899236570012108
0.7090971116531352
1.8517983693453002
1.1582690568675402
2.5357890091244677
2.8107126257552606
2.8741486246567094
4.2077168789033115
1.4352308122821427
0.399416023252009
-0.9150086659587262
0.2573878398870184
0.5766426356318236
1.5794990147357049
2.7943947721766147
4.109718452934835
5.504197904493203
6.868324880585188
8.042599093296632
9.130160251809148
10.156382836140027
9.65545865105642
8.88082823717797
5.938524328981819
3.35707254297149
1.0833752419144358
-1.9257107535617468
-3.896302800682185
-6.175431596022893
-7.627009133471764
-9.237094897844692
-10.992711834295816
-12.244509578264607
-13.908341901665356
-14.796279099519156
-16.436088430324208
-17.811298650201433
-18.963263606617865
-20.0411261753967
-18.466718447794413
-18.892677799389006
-17.4806835702189
-15.605178938100591
-16.878045834940533
-15.881009053218854
-16.40383167968387
-17.504134899118192
-19.198037129440564
-20.75103051966361
-21.454729505844185
-22.45816989527118
-22.742300430172016
-22.607149022679806
-21.439508398310295
-19.64478507078624
-21.27048270299493
-20.50534819874455
-21.903663854839554
-22.957791917676513
-24.548308077081963
-25.67102072524329
-26.61045790840219
-27.652190375593772
-28.263287520376707
-28.512583439858822
-27.926831598885272
-29.97985429975047
-28.624301731204536
-29.313471584714694
-28.439420664942002
-26.86739374031729
-25.049777576365784
-22.863393978910484
-20.23105252520688
-17.50374076690959
-14.953285415747779
-12.75614943054254
-10.285533618384848
-8.758871330717293
-8.27007200666542
-6.466619920562758
-7.709886431443298
-6.185900900856583
-5.636518019939498
-7.1526036392886905
-5.581717990897479
-4.145108513714662
-2.935692320895158
-2.2238265552780954
-1.7120492990724685
-0.07487770426565477
-3.1926667512523905
-4.583464723494336
-6.066626103000602
-7.8980366975252245
-10.267287052558174
-12.166574685370039
-13.93176372331747
-15.51321226939944
-16.853478743068322
-17.42672231480931
-19.52751657116532
-20.915780394709017
-21.322199354785077
-23.260840222268374
-22.580514808493383
-22.012551585088517
-23.806141156089804
-23.212117371968723
-21.56404539092789
-19.70752590096464
-17.189982785797348
-15.10112200960679
-12.867661782398724
-10.707134600180416
-9.3016113803646
-7.325147192532048
-9.163796324948214
-8.575604286629792
-9.48947459658659
-11.407577021702352
-13.422253723265422
-15.458227936225313
-17.150690197181568
-18.675415164126296
-19.64101271469614
-20.913841349290287
-21.741096979006343
-22.604354808564498
-22.86612924822572
-25.158782689436485
-25.07103945402271
-26.19990643721728
-26.573805702981048
-27.93165889725982
-27.889697097391462
-28.810726831659522
-29.472666651172833
-27.735583985456515
-25.821662270134798
-23.344240521007492
-21.031925095120236
-18.464569198029903
-15.9823809135827
-13.409515777705563
-10.86373727248219
-11.925947573097167
-10.340373623209494
-7.937296701298752
-5.691861944112985
-3.6368797128570485
-1.5281617419285654
0.36464253961427584
2.240400546321373
3.913856128659701
5.519866548696673
7.039343770312486
8.416429886849336
8.947153316037484
9.698702119096179
9.703603208143148
7.466491132386405
5.057781589644508
2.8267393515862604
0.1637504223379982
-0.4430377715889371
-2.9661228856820308
-3.459474330072103
-2.8748824629041176
-1.8185204522502243
-0.705770012787788
0.7932854296860204
2.503599263915997
4.2063539679640725
5.945562979435586
7.395265805891391
8.896115673904177
10.505217430716183
11.936914925032628
13.273454471416674
14.572929405908432
15.629036247045933
16.62176689138527
17.56835770618651
18.42720949234883
19.219486975302296
19.566821141921142
19.965289126934163
19.060024640491015
19.656251452957694
15.370552275581025
15.770740457129945
16.41861138988614
17.170339720652763
17.988935430564855
18.91063568469859
19.82785692068685
20.759500266609415
21.639576568398187
22.428972081660177
23.205901160949374
23.793167466929393
24.342992505524645
24.802322790614383
23.8626209863152
24.482284589313366
22.98665271366977
21.916754316164198
20.937832397329935
20.00353791795438
19.30808435939993
19.50013625111719
19.463572097205073
18.863947887178572
19.64034220678891
20.252777392713224
20.51366416030165
20.845128399071452
21.67476392623022
21.37265003053666
21.33444109675401
21.413960389202348
21.422752100005866
20.396105138785916
17.647393219439866
14.131020928301261
10.927972219146557
7.952598155126045
6.936075698999048
3.7360480646201464
1.4086081593079536
0.06891309188806782
0.09887229224900093
0.09900338818708083
1.1846659453619532
2.80347186476088
4.408370361281067
6.082510282958852
6.872946341784214
8.041537056400273
8.65502747709907
8.51151905906392
6.8491679997371095
4.5501646260887485
1.9916337179248926
1.5710083219875897
-1.1305050334174909
-3.870139164644029
-5.830346365853149
-7.993175674470439
-9.690801679614808
-11.76829915709288
-13.129603005580854
-15.22058453669334
-16.416905969792463
-17.59477632690514
-18.69566705159959
-20.29737049382996
-20.905160651434105
-22.06032070674564
-23.75562076529983
-24.209254345481163
-25.38276628681323
-26.41892357435907
-27.44880049542407
-27.373843078373252
-28.657675066365485
-28.9331159684346
-28.321272730238448
-27.826164769823293
-28.79031712608185
-26.00770965527569
-23.464815699618804
-21.14849353953617
-18.844989213737875
-16.359792705019025
-13.780934856836485
-11.26910424977707
-8.825532096779591
-6.898285234204169
-4.968176777101484
-3.8314383231076414
-2.015044172417566
-1.6157699112221706
-0.7541545952124727
-0.09039409369414109
0.7976058336694405
2.0232363675867218
2.2844745864180744
3.587337336966682
3.4580728760500876
3.521153176959682
4.024083891745896
4.280684197511031
3.3956524855893955
1.6650463464106335
-0.568879487046456
0.03224910663374847
-2.049315017531017
-3.260903871783703
-2.909876042889524
-1.9751141482690109
-0.5746587600190189
0.9885495017697276
2.7199115555355564
4.456155230133983
6.037787609134473
7.695765069831976
9.241045977563735
10.698937957375135
12.08464463959858
13.37724859264723
14.615989509047363
15.542026478175412
16.526565753614452
17.543686943811352
18.467065839998227
19.369744755442422
20.070027137719674
20.72894709643164
21.562156845558167
22.10168488854789
22.607848313191035
23.03478821438783
23.354181315866427
23.57393958498038
23.7437934014724
23.732032347513748
20.922635459223144
19.152291337257378
16.882531957019985
17.301277532425548
14.308110365265284
12.933888693866383
12.496002922131728
12.47623686789882
12.820521788455627
13.128006074781458
13.560249635076234
14.465250944175015
15.389780983422378
16.32378732234523
17.304435441156205
18.12344284607062
18.89998944525687
19.311494028238887
19.983178228187974
20.413293885180604
20.68940906019605
21.037699715656373
21.368317286505537
21.624755795451744
21.63886143405732
19.989361703422958
17.89204867271476
14.24655118971028
10.816267930955448
7.779627932575261
5.268630179046257
2.4005030366012083
0.8452105635179328
-1.6673227718350105
-3.62817840556664
-5.790277481730987
-7.278266418062018
-8.24613346314772
-10.077159235954552
-11.763536040446706
-13.769604966368739
-14.950386800526655
-16.147049399890495
-17.31872264249876
-18.79138113796873
-18.93537731281836
-21.24664762701208
-21.355193322709088
-21.744335939796226
-22.801159398429853
-23.958938017570198
-25.75680015737532
-26.200446387053166
-25.035785491293666
-25.31007991474403
-25.80499813385511
-26.270715425343276
-24.09053504196986
-25.0750058480185
-24.861271385687658
-25.398139894944034
-23.628018186579038
-25.795194161508856
-26.40644700738515
-27.542400419155626
-28.343953494007085
-29.15331837960191
-30.284358477913692
-30.048927243085956
-30.722771056499194
-30.65974627106013
-29.345845425562405
-29.02900046496094
-26.705529263884216
-24.846060960960646
-22.478125370158747
-24.185205766488302
-24.2190601385293
-24.70979977234007
-23.996987682040203
-23.002810738833922
-21.394887158917367
-19.97251235863075
-17.889951294540378
-20.025369075647163
-18.528045120506192
-18.901286373166943
-18.729519637107636
-18.17658438529099
-16.316204603142804
-17.91537869845522
-17.410209449448747
-17.535612306632306
-18.255200289865883
-17.878949847320005
-16.872826709784775
-16.02350796533249
-15.437391530177308
-15.310011683749734
-15.219412024626974
-15.140024385078185
-15.134809049918742
-15.249813492012288
-15.271196313745016
-15.248797116580494
-14.753748469444954
-13.793168957469067
-12.715484547668678
-11.542846827940624
-10.25199449116079
-8.736596413821362
-7.244477163099111
-5.556387175787618
-3.7656126455727774
-1.8145554997732276
0.1366002406052873
2.068034908644683
3.869544270756668
5.660057861060727
7.354972108585692
8.941612114611155
10.492949355978904
11.988176812087836
13.411403112838215
14.777609875686727
16.10068003718597
17.329009289358716
18.509407911974304
19.6298089288958
20.702714724156102
21.724701646644093
22.68302560025485
23.610416967673228
24.48320488084334
25.312649859289113
26.097113651265893
26.841935399561866
27.551907005013405
28.225383827276755
28.86380765321964
29.4751911354508
30.055507888238203
30.607381185611217
31.128217670389713
31.619386988433696
32.086955543802254
32.53725449237725
32.95798730358041
33.35867088016495
33.74038784812709
34.10691216392427
34.45020901500916
34.779841198554095
35.09448412710212
35.39086227302704
35.67350486246869
35.94107731379722
36.19867017387247
36.44241551039131
36.66889333234507
36.8850107085931
37.091877986842725
37.28697710480731
37.474829345754415
37.65328897465416
37.82073634843302
37.978326330991614
38.13258148528938
38.277173031848825
38.41541278819268
38.542281765801604
38.664714144648485
38.786097117556956
38.89443187869766
39.00034336407897
39.09890987737665
39.1935264263731
39.28644625227595
39.37473344091174
39.45812361368223
39.53628960551214
39.60912563720692
39.6831972010464
39.74914916350565
39.81377432749645
39.877704291262525
39.93606211759956
39.99042127225247
40.040996493581076
40.088493136038984
40.13970453519903
40.18244232422522
40.225434001906386
40.266276095703496
40.3040801045976
40.337518558648824
40.36822283227985
40.399358157802816
40.42754184461194
40.45725199102813
40.4829429482907
40.509898153156186
40.535593320982215
40.559916007213126
40.5866094292828
40.61033367083532
40.63440604683145
40.654799538382306
40.674217585330446
40.69360661695978
40.71153777785615
40.72804351112943
40.743755129465384
40.75868116688454
40.7719093690732
40.78437061546509
40.79475894866419
40.80816492728639
40.81984004897091
40.829965860201646
40.83811807916195
40.84732998888313
40.85956657633567
40.873145215631745
40.88502003877039
40.89026775552597
40.90028221344949
40.909930425443925
40.915139907885994
40.92141963823707
40.9265109168581
40.928783968488524
40.93349156556293
40.93895962158018
40.94408001593081
40.9489898090267
40.95116236732527
40.95670415985485
40.9565235181319
