0.88
0.88
0.8821813382682763
0.888181342830457
0.89778696855102
0.8938111263352655
0.8833109686963234
0.8812240585668998
0.9277221934968328
0.9689378659967016
0.9514518395599686
0.9652669388734022
0.9430698257912576
0.9460750060952204
0.916089600107614
0.8899398456374795
0.9034609766754695
0.9367490968542599
0.9470727573086338
0.936862679766968
0.9623719542140527
0.9280417667886395
0.9066521247738107
0.9186767834451297
0.9229817622396257
0.902898877391971
0.8889047583709399
0.9204317928640354
0.9408765376996083
0.9191374968363423
0.9173230925901009
0.9368182685706158
0.9475185345999021
0.9374782850696675
0.9081885514078846
0.8890825827175056
0.8937655302188918
0.9129351913759044
0.9129108141891666
0.9171637800364268
0.8916589789073559
0.8871151771807791
0.8982917356594153
0.898260739062601
0.8902789404507848
0.9170288317799773
0.8911540556334316
0.9176388486345152
0.9043864366745
0.9222887229610366
0.942197525998276
0.9406241304777004
0.9317767496288161
0.942382079402002
0.9368766985533127
0.9433982572026407
0.9091128904178458
0.9113666029393976
0.915397590743482
0.9169725140877786
0.9121136545037277
0.9243261933467635
0.928127265135165
0.8954336311264005
0.9055277083492147
0.9337977959850228
0.9182972745556501
0.93993163401104
0.9426034742284702
0.9362789184190058
0.9435971550806957
0.95075587260945
0.9274585973117803
0.9318441101009742
0.9485896316757991
0.9260375711832757
0.9505846377485851
0.942066652986879
0.9189834299353261
0.9104340479889955
0.9295837140810552
0.9244151592442984
0.9094546535250492
0.8974437155559519
0.918250771219588
0.9041542036775034
0.8843193835689874
0.9003239883637325
0.8942928442198362
0.890460158954845
0.8936182652949102
0.9239714041166451
0.9452205048350178
0.9259172208144522
0.9133735530933264
0.9307199096151114
0.919106638295388
0.9222695608804963
0.9034551884407459
0.9139742745172864
0.8962435306864309
0.8846953244568079
0.8963728062834506
0.8865406998325622
0.8996945023017208
0.8862641209510227
0.8995029602378589
0.8891720519293632
0.8811392966052878
0.8901676155267688
0.8862229022753673
0.8894256736732042
0.8836583314407486
0.8965117545785638
0.91410029280326
0.9181337489679768
0.8901294259825026
0.9019041455773699
0.8836192873534753
0.9010276651859117
0.9104803536244161
0.9010145903231981
0.9133729530809483
0.9298933679755008
0.920199811948544
0.893871632255734
0.8880146265871427
0.8935243355700345
0.8817013504155303
0.880901028452109
0.9008688862777225
0.8964446796384508
0.910705037827426
0.8851468260059973
0.9165780686246594
0.9102828477644933
0.899067917911345
0.8988761935387821
0.903448288162169
0.9033395221594078
0.9267421599385937
0.897775959212367
0.9116290819567661
0.9272526559016283
0.9196556071523353
0.8884571724862484
0.8990970076968053
0.8816825117531876
0.8908993984265687
0.8977434470212502
0.9228770188441523
0.8936559336392855
0.9150408361114863
0.9367506687740522
0.9159443249023688
0.8881512805505055
0.9062662667491678
0.88633962506326
0.9269314640476927
0.9389730951991904
0.9363597614128302
0.8997497707540123
0.8808996391233554
0.8840791333322641
0.8839991905708021
0.9005815326987046
0.8824893665128505
0.8882525495904005
0.8921476362304764
0.8966086978059493
0.8939892565686117
0.9320143502349227
0.9124194558424193
0.9079778640930269
0.9260669378056628
0.9311907775077127
0.9260511755222892
0.9082653805533981
0.917513162652298
0.8929589896821102
0.8831403013496202
0.891168622147647
0.9100922095319879
0.8879305091964419
0.8884983639119982
0.9003350882381155
0.9031834629060882
0.8957441854688879
0.9068064038906585
0.9116797883638879
0.8914293828321506
0.8831295731980051
0.8909334382496603
0.8849807849623644
0.9107583130072971
0.9135299456175963
0.8974187834990802
0.903777507332621
0.9173344963547692
0.9150107951806045
0.890586491771568
0.9068404903784162
0.8948415651860482
0.8856491745542746
0.8907915455300814
0.9197828423935368
0.9302363871974925
0.9275978111214095
0.8903589945087714
0.8924163215480164
0.8843270067192875
0.926055077277091
0.9154920045649206
0.8836357640121614
0.8967513724285577
0.9098092120769137
0.885527740614353
0.8912453434261802
0.8961944454616229
0.9198755976518314
0.8890499497622165
0.8914195894049417
0.8936884503613075
0.8886680669806493
0.9015165122953622
0.8975244254544824
0.9024721630857296
0.8870476498396518
0.9024615335323887
0.9033237746186386
0.9099135005857436
0.9256453644408125
0.9362045449832909
0.92399015597963
0.9317822351151914
0.9018075165135159
0.9191193597193741
0.9345347059833211
0.9058819302612235
0.8959405776431646
0.9042862973148124
0.9219188751639981
0.9144627481110947
0.9165886369971569
0.9338274702816198
0.9214362022707472
0.9126995507279153
0.9146323804277011
0.9090752894817749
0.8921923818617311
0.9161382089941946
0.902049874775218
0.9294107539554067
0.9117683786304277
0.9372751777606583
0.9669512323639184
0.9379280680611684
0.9336937756948807
0.9255019430396616
0.9197316771667094
0.9005772106934189
0.8890124537458591
0.8876672276611439
0.8900110986053271
0.9260161239385405
0.9502570565039392
0.9352929298234895
0.9429691061672953
0.930043236353517
0.9329549982813414
0.9507140657593467
0.9469859459065753
0.9720212763811776
0.9475488356336262
0.9211238599325315
0.9421072354379447
0.9328602747406555
0.9280025217053922
0.8980979408725585
0.8972865385522292
0.9186090801456862
0.9067665226087582
0.9225953816635968
0.8975123667909995
0.8828219189616107
0.8971905564741679
0.9071490810305511
0.8822308094280359
0.8919012366119036
0.8985357731973997
0.9053023145112506
0.8896744901850983
0.8807228292838386
0.8877804381571083
0.8825326479553465
0.8878286028319397
0.8867706511159738
0.8912752878588996
0.9096217667613173
0.884719374490222
0.885791827576175
0.8821014263540582
0.8826442715361411
0.9068688448493878
0.9115207414793657
0.9068450569769108
0.8901199915302239
0.8839812161271984
0.9014953476499392
0.9211674423399526
0.9023493699520942
0.9082044270897272
0.8803768681887981
0.8893984275543199
0.881408014109485
0.8983146282812701
0.9162712422511113
0.9179187953913369
0.9012584330013573
0.8887961589809986
0.9043307080435162
0.906527280710333
0.9219208823492011
0.9277081044179931
0.9066132654324195
0.9163038732200816
0.9274377671234825
0.9439958639002749
0.9490461032746806
0.9467520713104293
0.9422292318082929
0.9301452476585166
0.932250078249885
0.9293709479180559
0.9220257541399575
0.9118948135255545
0.9071059189646602
0.906697702380332
0.9031011161898861
0.9079049564076048
0.9074581438941818
0.9155878370287208
0.9184394196304209
0.9245030233714849
0.9387040916056111
0.9395429691940298
0.9518865129244446
0.9134070785013475
0.9089191399563302
0.9057150739813875
0.8807780776188029
0.9024803472726594
0.8842294190527429
0.8838881583718634
0.8876404646543049
0.9290021914910337
0.9226041973538223
0.9031712250882801
0.9351324214796111
0.9027076905564537
0.8806041946277112
0.9281075562721847
0.9148136237887338
0.9449993597213973
0.9177921365751999
0.8975001557258614
0.9228004986856435
0.9247383902904992
0.940532348805659
0.9661513824623017
0.9277391094474897
0.9078178109136563
0.9074963938657798
0.9226915250773994
0.944814750857335
0.9615764637992195
0.9542494179126421
0.9764215074479349
0.9541960510424952
0.971744757044938
0.9564490631355079
0.9497173586354264
0.9201007031855384
0.9140387773975986
0.9396998741217605
0.9108130053869061
0.9212637721222989
0.926439825485183
0.9204504253542012
0.9326597152267412
0.9403768640627047
0.9325003199260048
0.9330479729530183
0.9520425498030434
0.9686165621140257
0.9601794683506523
0.9475402908196804
0.9185496159471604
0.9267493382533102
0.9291564646586872
0.9392004666650514
0.9215972719716802
0.9097456334343
0.9257872421347557
0.92024595094567
0.8970469993217903
0.8985088353164308
0.9047482395739925
0.8863654274478927
0.9105452592958949
0.9134754791642375
0.9220372713234417
0.9180934234783942
0.9327599204525938
0.9546041327399442
0.9851937386390065
0.9720685103539656
0.9550844090664877
0.9829244264652246
0.9693652105607755
0.958659237576611
0.9778621276489081
0.9910751954190561
1
0.996295938748948
0.9777335567415404
0.9735239248832335
0.969396308174184
0.9882704189171506
0.9628138994713253
0.9454603299459783
0.9422034996371041
0.9405587632741117
0.9376825274913742
0.9431164638613291
0.955652209419664
0.955743930146834
0.961159328113714
0.9770329205680791
0.9488563178517815
0.9111910649555702
0.9022851407754163
0.9130581106722244
0.9391447337114637
0.9217226767214062
0.9235725826251558
0.9328648416768586
0.9381008399851116
0.9534547005060612
0.9394569247154889
0.940314383267101
0.9052884786612573
0.8985240013406335
0.8914626016644559
0.9221251034192546
0.9102895479313904
0.9019011660661838
0.9243221280245408
0.9448426313368337
0.9532807464889073
0.9240147886053128
0.9134066420925925
0.902029753946013
0.9117127348109199
0.9231589430569394
0.9445329781270474
0.9129789108163057
0.8905433978042324
0.8979567635252146
0.9150554142457283
0.8945151038746358
0.9005536571019297
0.9048024785940583
0.9033080442137268
0.923965920883931
0.9271460116003962
0.915124475850211
0.9046269446969015
0.8836717268741554
0.8860772653184577
0.8875815940899617
0.8981179393301417
0.9031152962054237
0.9016405409538755
0.9154174728126332
0.920274545776139
0.9006726447674004
0.8909553183663281
0.9094061376472075
0.8846325593774058
0.895810745196227
0.8848242116056424
0.9004922250648432
0.8812129729478181
0.8867627656356074
0.8885150025815354
0.8863985191547675
0.8989482323090762
0.8909876425671126
0.8978516925578873
0.921872668381426
0.9010818243725156
0.8985503514913353
0.9022926018312182
0.8814066212224261
0.8950153557244185
0.8883863132132964
0.8921375740600592
0.9112098630520628
0.8989172040465162
0.8850135521897528
0.8853250964674382
0.9006450642495717
0.9160179907140353
0.8991768932259678
0.9271611522972503
0.9095912877986642
0.9389027331010162
0.9382965027614795
0.930583481767137
0.946321298025662
0.9449148259754256
0.9667364946273435
0.9312702106370611
0.9290863068287175
0.9315467760573807
0.9204043922211914
0.9101265359981445
0.9230610033812519
0.9009228737551528
0.917541004739569
0.9325318855556199
0.9239142233182784
0.9332259653342545
0.9300393898348893
0.8952257633091945
0.913077941872112
0.8800415973915373
0.8982728726296892
0.8925981230082608
0.8835436846744228
0.8896156180975193
0.9042479807047595
0.8957127586079388
0.9027467759677946
0.922695001643541
0.9077054296886653
0.916180113751493
0.91446503098242
0.8957235005506328
0.892947581154189
0.9264975038067793
0.9141536946066373
0.8961542183923328
0.9295984073657564
0.9355248129789538
0.9246895647119198
0.9343207310137692
0.9440510412396352
0.9180233876746297
0.9190409304145267
0.9498593117527494
0.9757921151523112
1
1
0.9895565513751405
0.9722743889033528
0.9435950644309405
0.9621129703800053
0.9469524143950137
0.9543723228575155
0.9330368014731433
0.915927167492771
0.9259824575232485
0.9381112218894401
0.9271904987635385
0.8973789928811592
0.8837243184140675
0.8833255141563482
0.8806786108326237
0.9274018039880769
0.8986925467491841
0.8905296351607002
0.9108253978036207
0.8842735352939812
0.901706725683628
0.8954608151636354
0.9088079358735692
0.8816058581883846
0.8994406649358211
0.8869700407812725
0.8907246383978381
0.890175272375975
0.8859059301902488
0.8850153125425594
0.9011118840934732
0.9131398641099692
0.9258900057754146
0.9017285419260251
0.886148447589893
0.8843455882867416
0.8853725455144443
0.8884637681935543
0.8863381682325479
0.8918325879737075
0.9052383347309844
0.9000774212430214
0.8847082073497505
0.8804949204705885
0.888503596030864
0.8862066435623378
0.8970126887993218
0.8914077703108123
0.9125484916835602
0.9243446636216688
0.9244197745767792
0.9073552724050948
0.9280286300750977
0.9516918939156748
0.9554187924953152
0.9781820639263944
0.9808317769532441
0.9544499769812089
0.9506616164884366
0.9574770937767241
0.9390359986699743
0.9642788426059207
0.9776768074444316
0.9802420665226169
0.9875899867462432
0.9713388318382958
0.9866123624096013
0.947752384425959
0.9260023405472686
0.9346074803888453
0.921328370422431
0.9264445461567345
0.893166818868849
0.8988919550512064
0.9149986618561541
0.9137482183630886
0.9296209152302215
0.9362983213074677
0.9464848678832634
0.9139109198246628
0.8947085051480376
0.9144245689356382
0.9093460591802841
0.88499374123942
0.8874093019053408
0.8902344309475277
0.9148179471962069
0.9049797155634822
0.8881748820346004
0.8845494696836055
0.8902655969744582
0.8852697463457994
0.896931033728472
0.8945142875406172
0.8820228861376581
0.8970507816463889
0.9034724239672492
0.9088872563994577
0.903071481139426
0.8965021216061834
0.8822427350716228
0.8930231939505379
0.9060585505288938
0.8930653989712368
0.8886228890852247
0.8936377119736234
0.9011706632841249
0.9081557407180587
0.9096501175829755
0.942275580115173
0.9590663362521978
0.9480163286399116
0.9210419935727734
0.9342369490438605
0.9515654706743374
0.9548915597456359
0.9303337407656058
0.92458245001808
0.9279669511592801
0.9300001763288548
0.9371805215166726
0.9590321117656027
0.9325500009393212
0.928658828919137
0.9323211681220925
0.9105957217892113
0.9249744362618323
0.9131637015721845
0.9274958208169177
0.9069312191154751
0.9160751557936299
0.9154318654008965
0.9168787006589307
0.8883437687614835
0.8964872988510636
0.8954480377366266
0.8805286645208014
0.8979899507759139
0.8874541337732963
0.8990076344304991
0.9227529007298121
0.9143353903124241
0.8870608285984849
0.8973888679256105
0.8836042802738947
0.890275818623518
0.8894747627746762
0.890992929020523
0.8807728864856426
0.9073667085161475
0.8806827923535552
0.8962656001471899
0.8997319961047028
0.8898944286112869
0.9068429881313091
0.8800175816693114
0.8826658222293223
0.8958295381811286
0.9065593061487814
0.8865917970524442
0.8892607988240636
0.88662190503568
0.8932557517306557
0.8815636616796039
0.8806727088009676
0.8915055600215579
0.8884118048841213
0.9046626859200372
0.919604773400571
0.9326327207304135
0.9334558152805346
0.9512935411983072
0.9321026438484082
0.9370088977155281
0.9160462129961215
0.9049038630009065
0.9287264703725525
0.9280435065106826
0.9439979719894648
0.9425697422913577
0.939339149556535
0.9112954805536881
0.9284839566633187
0.9064952444855096
0.9232752246084386
0.9047931655571972
0.9084813361555759
0.925180371685727
0.9040880188073637
0.8812280043132433
0.8870224606984751
0.8931434414352734
0.9094597483508104
0.9028015685297218
0.8801476835541677
0.8800684694121563
0.8800980178984117
0.9021938342060246
0.8852112169154599
0.891732608552961
0.9232798509391067
0.9027226779527969
0.9167075791643464
0.9352543982971846
0.9499161949300781
0.9275774651131753
0.916277343479557
0.9286267701902822
0.9038307393570628
0.9109831298911206
0.8928224141424052
0.9101253372133733
0.9010946759629319
0.8844686787681609
0.8938253979901355
0.8821455432087927
0.8802912304221346
0.8962020969764558
0.8942189088110052
0.8983150673362842
0.8813614033902686
0.8869910674349212
0.9069565425539523
0.9295728863797567
0.9272252457133187
0.8963457022546771
0.916637547009551
0.9069452880146421
0.9047077214870396
0.9153506508198842
0.9237000378344791
0.9167980444342866
0.9184495818957148
0.9066343023103509
0.8986295095308511
0.885838811398779
0.9084003912345724
0.9108072745077214
0.9153293384221997
0.9113984252288043
0.8910944677619979
0.8998075241215547
0.9125081092407489
0.9314887968264103
0.9530062036678283
0.9508601139236886
0.9730793423844625
0.9548973310163632
0.9516125928158695
0.9592461093711104
0.9738950037324335
0.9448526798401993
0.9451701859163236
0.958192032979301
0.9531611031037621
0.9690237159302862
0.9782053170667746
0.9679080917129796
0.9684980821236038
0.9801554279842808
0.9870840908412852
0.9488084857521983
0.951247714345678
0.9170214163130311
0.9293823836937148
0.9446281097410696
0.9422671946245361
0.9483401674241898
0.9326352309788376
0.9347039555903798
0.9105901881920369
0.9044668251445747
0.8918914583332229
0.8965433988925011
0.9130478057032757
0.8828619400900186
0.8844503951905073
0.8855443550018777
0.8888673329956093
0.9083058847860586
0.8877279448593773
0.8987759860646605
0.9289036468181432
0.9393938569758681
0.9422850554415438
0.9108121553534614
0.8923031062917872
0.8829288092641963
0.8951657379908367
0.8816141907708581
0.8813448341375969
0.8876096264384803
0.8886521747210223
0.9139809824646161
0.9059032570558903
0.9356847595159594
0.9536772383212635
0.9594206517326557
0.9391610609168525
0.9448534855454656
0.9409463554670029
0.9156319893554908
0.8930150521256671
0.8818872225235267
0.888548572530168
0.8924696055884458
0.8890681032745306
0.881776478373229
0.8929508796592128
0.9058284224773084
0.9200846683174204
0.933907375165414
0.9034311729664375
0.9306173507704927
0.9486132123168551
0.9669260338729031
0.9376828931745708
0.9159508487801021
0.9342097812063898
0.8971323332737371
0.8857970567888724
0.8947201464973951
0.8909180533703778
0.8955910365653152
0.9251879907176732
0.922005611660079
0.9037754498674959
0.937407835499383
0.9764192661874582
0.936802962647859
0.9317996178536243
0.9225535871175253
0.9340009178429648
0.9564414958634171
0.9732495572992075
0.9679822931124155
0.9790401636215296
0.9520214040531398
0.9198547646280109
0.9071360000907001
0.9180592731049176
0.9266011598133532
0.9443160265775573
0.9523676122798604
0.9331588928655868
0.934672653422453
0.9374370652324876
0.9167020733330911
0.8939507854166586
0.9168810719867682
0.9380286984660622
0.9153133779280656
0.9302996046599222
0.9408055599985509
0.921217558250048
0.9165151082994325
0.9080958121289865
0.902500517792955
0.8967215040633959
0.8980804123176557
0.8926897215356434
0.882995927346961
0.8854650952582824
0.8949629512126798
0.9018348372957798
0.9043073677182881
0.9208142169682868
0.9081847222563553
0.9221343284592283
0.9261135526812705
0.9007684827873974
0.9138100691546927
0.9215234675463408
0.9001360716149388
0.8830720945433302
0.88379690185154
0.882669707682569
0.9020974096399754
0.8850562383252357
0.898141365547882
0.8842347858784153
0.9047948702381178
0.9287373361815885
0.9390029332272333
0.9273569075805168
0.9021796031081023
0.9246381729633674
0.9039616350761333
0.893180703380371
0.8966160016787539
0.9205054968913333
0.9156973232770197
0.9330543972654028
0.9088627786635921
0.931739338190294
0.9227142713889033
0.9092679225025864
0.8837147194645267
0.8903754587230325
0.8919897088724208
0.9120198552486164
0.9214653049389837
0.903838045170204
0.9067458342786744
0.8812264512769862
0.8952349644628614
0.8823462183750554
0.897948966567085
0.8805654914237069
0.880258698462698
0.8948059230495455
0.8979287236348459
0.9217480357818926
0.9050993635527941
0.8804789525418037
0.899970689567592
0.9321789673044605
0.9307635804208282
0.8918554884699823
0.9023384285952968
0.8980443573875537
0.9142387693772346
0.9355324436276627
0.9041153531464066
0.8872112362197688
0.9025729124930361
0.8810613376612059
0.8947105553009294
0.8929326385522393
0.8809453285834822
0.8999338363520187
0.8806522943699991
0.8991531668833495
0.889338586236312
0.8832915000173053
0.8965657133702887
0.8847543038108381
0.9024787313058582
0.9063876318359594
0.8865748695716968
0.8960270412177301
0.8814427441476749
0.9140770582873814
0.8891864407091344
0.8982195317403847
0.8853351799962901
0.9025415785386499
0.9055255367772765
0.9019470323976863
0.920192990697383
0.9304942736147217
0.9095555888594428
0.9216532286187618
0.8969247314017751
0.9194274039786974
0.9204926711036993
0.9048447549952695
0.9200203185312195
0.9048581238594436
0.8989666950475265
0.8846329544784748
0.8930456605512914
0.8828525780614858
0.9090863367127213
0.914808728992625
0.9155232603183447
0.8839906045324561
0.9124233893527031
0.896918631225125
0.8856061803691916
0.9154843127294823
0.9112361530436023
0.8972755210896131
0.9142556428418803
0.8840557875629435
0.8858050002451585
0.9088710509035018
0.9179385672816895
0.885297241889346
0.8902746655792441
0.8967128093620296
0.9124381145310547
0.8880151151753942
0.8831093789948852
0.8822072985563316
0.8851106972187777
0.8801151531777115
0.8969463564209947
0.887903220554098
0.8875834869065858
0.9050386631613975
0.9017508913604548
0.9000504124130806
0.9084396249903004
0.8939066105217217
0.9059465282880548
0.9259379925875968
0.9239051329403207
0.891538228598667
0.9066797339832079
0.9257056304628429
0.9480293946137208
0.9208953703411575
0.9132728221521893
0.9082131153604861
0.8980488000831419
0.9074261502710034
0.8884271299377339
0.8994451371573453
0.8884312616105229
0.9007181229825344
0.8828511518359897
0.8942555793145288
0.8883737576698357
0.8882871779747582
0.8840785124073512
0.911767146646318
0.9070704986574902
0.9081933821624656
0.8926377415758486
0.8990395787884273
0.8985499444738231
0.8947065737082669
0.9170797483702559
0.9017372894741926
0.9150032734030503
0.923445282794624
0.9393959570518432
0.9535635326314765
0.9326574952149133
0.9038900259452801
0.9030618197216411
0.901137171264194
0.8828752026919721
0.8984827417577088
0.889828547841951
0.9025922625603596
0.881270756246203
0.8856628446068731
0.8913129729633831
0.8928647215689823
0.8894822184371158
0.8992881161807769
0.9042205634511105
0.9263618482409567
0.9421961695820293
0.9397061526376316
0.9520098579430147
0.9566059700393336
0.9786654793414251
0.9482075214620109
0.9390794096517792
0.9261203131903962
0.905398047905271
0.8902593421062176
0.8851464222167437
0.8891834335582433
0.8861546406072609
0.9128774512273329
0.8914923752699124
0.8857303491539161
0.8982729174947957
0.8860952274328802
0.9038049487231749
0.9204954389300475
0.9207895159282303
0.9095665817954347
0.9295073815302282
0.927178204106194
0.9372102680134996
0.9395598227572942
0.9465489566806706
0.940378016882611
0.9141338161396985
0.9303257011435123
0.9442347599268787
0.9192606289832539
0.8950839241189297
0.9007628141177145
0.9079382165515711
0.8877089205890907
0.893222306294239
0.9031094545356145
0.9022562125291467
0.8802078669176986
0.9006218328200915
0.9214810890345101
0.9341476468423534
0.9232284610518078
0.9340241769469873
0.9253465274854967
0.9127838360829803
0.8912880458338908
0.8805194221680172
0.8856240828727118
0.914450160951488
0.8914439531361931
0.882120226301663
0.8855834013088655
0.9030554502174822
0.8841810180547973
0.8808473052671669
0.9116082643441361
0.9001483705874674
0.9109889733491986
0.9173948336096733
0.901432761410123
0.8971000901068732
0.8849278127030579
0.8869850067334532
0.8969352941793217
0.8812692892930727
0.8895040524599246
0.8883722128314699
0.8892809274544636
0.909472117999618
0.8913914261191009
0.9186013337950798
0.8944609315747238
0.9173770230762558
0.9308942018630021
0.9082284109645926
0.9035299645452866
0.9225939517190767
0.904909126624142
0.9262359701083503
0.9192423169646494
0.8962303552300181
0.8833297831652243
0.8810408834115707
0.9087984780369551
0.9229454693872247
0.9216075223081077
0.9153147541036454
0.8979040569976718
0.8979387735544105
0.9029635048162703
0.9099622434811749
0.8970970651791269
0.8942920215431724
0.8919744946886503
0.9093583390560235
0.8950964035515128
0.8903547204926172
0.89149559414125
0.8813764644716742
0.8980777129087695
0.9118345394104411
0.9146000910355572
0.9299949927011699
0.9014453084074208
0.9219151164438307
0.9052917083681671
0.9254476246002667
0.9169666758219549
0.9260909782971554
0.8920399988941191
0.8910163115350004
0.8871901449742585
0.909847097358199
0.8804123391634212
0.8951059703543234
0.882385876821584
0.89764712641638
0.9146110618090606
0.8813743665201252
0.9001067718197941
0.9140092324826818
0.8961415586015258
0.9123803706204539
0.881152752730752
0.8866558964307532
0.8854628695898255
0.8887851067530035
0.8809222667460548
0.8850613279341359
0.8921502009916413
0.9054978222178933
0.9043554665314231
0.9204863171643047
0.9365894898543317
0.9110414132853739
0.9247827415292847
0.8975725931810492
0.900860865646013
0.9166662333576229
0.9416085826221354
0.9351260110433655
0.9217820021875031
0.9407521314855438
0.9291901046331772
0.8992149504885127
0.9195223187535883
0.9080625647922805
0.8818768512044346
0.8822863072067819
0.8916398980929696
0.8856428414898028
0.8946430516925149
0.8845347401824651
0.9101993367317049
0.9005126332912047
0.915026616721383
0.9044811855204655
0.8843498967009883
0.8894282037851693
0.9020488148965674
0.8826469425580372
0.8981550208526179
0.8887399573303374
0.9017927035121376
0.8945664890642945
0.901929675364704
0.9084688171621719
0.9164586654304311
0.9218388628692363
0.9387485075450515
0.9480211115317214
0.9452082298895673
0.9408003341691603
0.9532766715085887
0.9343478314298062
0.9263519430567939
0.9150827118022096
0.9344113627859977
0.9019616533003209
0.8818003912230339
0.8887162369618868
0.9038129409590532
0.8953024663753819
0.9200979598724845
0.9248436952200763
0.9314598900802837
0.9223220643898973
0.8967852225402204
0.8930315865065956
0.8805441706671435
0.9113122240943655
0.8978266073509807
0.8964636304528867
0.9164674460794402
0.9267190101204998
0.910070458982776
0.9322713021879322
0.8979035837668934
0.9039000530500721
0.886506745606444
0.9118038536428257
0.883594865477118
0.9006340503552956
0.9189515344982444
0.9310279973386413
0.9530119551344017
0.9491135290720836
0.9296738058622059
0.9245542068462268
0.9278160005990983
0.9330513699671017
0.9200546024456207
0.9307156905717496
0.9358265480527428
0.9240508373327748
0.9251415331003785
0.9041057486822387
0.8914312543595632
0.8832910827483468
0.8829278044890722
0.8811048974971168
0.8965249189484699
0.8918232044588934
0.9143559690375115
0.8961475332291168
0.8818117326439505
0.8865703685836295
0.9099290129881902
0.9096414142725227
0.9211700910860335
0.9337939792995292
0.9181416390216015
0.9395247815072326
0.9148538441122055
0.9277419945208503
0.9066877362438797
0.9067829987347628
0.9168871379676921
0.8863124621521455
0.8810533101877339
0.9024097869674896
0.8825517269777893
0.8808099345007528
0.8811989872379792
0.8958053620445222
0.9092112253936233
0.9181781836197359
0.910870739463893
0.9199646012876922
0.9185150567151926
0.9380474302352619
0.9364902559548575
0.9022573040241335
0.8918628441172012
0.891536066878879
0.8964848411663311
0.8932957095590462
0.9183640480758974
0.950945575164244
0.9292773889207471
0.9309491542688396
0.9108280581231585
0.8883563938319694
0.8946992260625334
0.9217344470929778
0.9227294042294659
0.9116990192893204
0.9060676879502015
0.9224083679416342
0.903968448048494
0.8995896674504988
0.8865180912734918
0.8968012228022455
0.893099127177707
0.9195115987173493
0.9057579386405498
0.9266679101072361
0.9217335287758999
0.9215573092696252
0.8987120164519945
0.8834122193153984
0.8833148138599766
0.8928418715861272
0.893849731055152
0.883244449144339
0.896474983108744
0.9064667684579774
0.9231024267495147
0.8905565619893918
0.9059028803606239
0.908119017783433
0.9072497384326185
0.8812540026998882
0.880386267445524
0.904493887657883
0.8960815920444459
0.9304752825544735
0.9547918200435885
0.9689443068056306
0.9550916793566342
0.968499838697108
0.9824384514946455
0.9798661152532399
0.9589471781792593
0.9419297285296991
0.9454334813194768
0.9245843189055013
0.9182140505022635
0.9203268908835752
0.8943062472674532
0.8964885129277528
0.8986250238558627
0.8814142835367904
0.9161059094622453
0.8907274609752418
0.8826107240402802
0.8816065449891497
0.9029808439998985
0.8853882734014719
0.9029127726383427
0.9129019050987416
0.9199983272177918
0.9240616205473939
0.9508644067312014
0.9248340725556046
0.9033402255889034
0.9305961852794691
0.9275762889190478
0.9001867086742814
0.9208592446641547
0.8916088822962362
0.8874631756172243
0.8930173190873845
0.8915569769338848
0.9063830417013873
0.9186443260122613
0.9388676182627326
0.9325438598461259
0.9482357148933644
0.9207364058916685
0.9170513321128393
0.9340103416155189
0.9230078214285016
0.9234743355067744
0.9204064183708214
0.937515218385663
0.9316099837872682
0.8981931956034375
0.9019862449996474
0.8804928124582047
0.9259805450310736
0.9160205699351119
0.9365666805171751
0.9427995798672211
0.9037812474413099
0.8836019312494683
0.8886841454984123
0.8919132651651109
0.9217068498614598
0.8996113210422636
0.9107316727993879
0.8819654477820799
0.8924569710581713
0.886356007436725
0.8858371256121657
0.9065410073453579
0.8827791369326149
0.8891568790726775
0.8865910564082692
0.8834673176087767
0.9105715639582693
0.9073028294173786
0.9021645976251192
0.8825845008552085
0.8908951677097154
0.9066481023476907
0.9012051822770385
0.8995342534155926
0.8883881087153607
0.8902988731542444
0.8929741164359853
0.8916317189840555
0.881488990119033
0.8900825931350098
0.8967283173780735
0.8986015896882827
0.8834683035909817
0.8837190278380689
0.8852619988661398
0.8909753349932878
0.8845989757689178
0.8916432279896838
0.9160319409179564
0.9121724991287291
0.923672384470595
0.9081021852904653
0.9068678354423338
0.9137511753727457
0.9260271800489492
0.9110198160548363
0.9183202004412124
0.9086393582700876
0.88050659471299
0.8985701112339126
0.9024296572235074
0.8853345951975935
0.9089223103972714
0.9161331998947765
0.8873776196870399
0.8903160410037324
0.8964237770960141
0.8879219641429588
0.8871963343827285
0.8955985541543582
0.8909960599661341
0.8965344073531952
0.9231034606926775
0.9354642216826841
0.9145342084661615
0.8914147562357778
0.8871102165923543
0.8995864732433304
0.9010486077474028
0.9285246551782568
0.9387204415771684
0.9264962510418894
0.8964514758937353
0.8913060518908444
0.8910290602380079
0.8818460471777725
0.9097063104171638
0.9227287998208721
0.9486483109038737
0.9634982579531293
0.9649044061172904
0.9397420523097915
0.9275440469698022
0.9544101906356364
0.9385475296586006
0.9536850364833662
0.9390761636656952
0.9400293125633299
0.9032726086446948
0.9191062676692747
0.9242353297249442
0.924315725738133
0.9030072963389756
0.9015396265300065
0.9171092815669504
0.8925114319531977
0.8866890612444084
0.9164858188495982
0.9118198437299332
0.9253007495135277
0.902881017499025
0.9137625921763133
0.907187361075173
0.90230922162133
0.8874246974766321
0.9111110313881865
0.8807453417812178
0.887663875129283
0.8830894182613922
0.8956428240341775
0.8820900346408462
0.8816950704727601
0.8850814725862346
0.889569963757656
0.8869612738126147
0.8910688885943944
0.9014639868387472
0.914456334765121
0.9064343397943304
0.9187342010613406
0.9200789857116728
0.9280975172333862
0.9222539111014987
0.9062537450883553
0.9155995340499619
0.8884129580197234
0.8878172757180487
0.89215385420425
0.9047584697404926
0.8882447840711499
0.8883054989212884
0.8877159428850466
0.9133081705947843
0.9089850360605832
0.8920657401869005
0.8960699455324873
0.9204925280698392
0.9344864443525189
0.9301633273684229
0.9303657716247467
0.927695687412828
0.9449972126752768
0.9109704119610289
0.8882752413390299
0.8967520773139996
0.8968663035067064
0.9070243002108483
0.8998320012866294
0.9265216259662323
0.9183071875951345
0.9016927943715826
0.9020501429108497
0.8864112286834773
0.9048906168049824
0.9212164630212416
0.9216750649135312
0.9451130963360374
0.9313043538143612
0.9108290372165121
0.889057098827161
0.8866839354610225
0.8949846753578453
0.8883361003891475
0.8803459401473289
0.9083070805689235
0.9074767383786387
0.9169782158319695
0.9187213676257617
0.9309988717947069
0.9348223378227013
0.8972761898443624
0.8859297420567694
0.8905532409810051
0.8877780900821205
0.8951524692901096
0.885959963497387
0.8833877637912072
0.8873497572357012
0.8917954593391865
0.8965084376756557
0.8923578674069799
0.8891925671273097
0.8880556636074568
0.8814823477124208
0.8840254189948221
0.9058954936008823
0.8968908102812002
0.9122122006449478
0.9145946703130489
0.889075459980218
0.8865172895735886
0.9171318595289953
0.8968743515093871
0.8986739599274367
0.8944442732197678
0.8874280748353989
0.8984865487592667
0.8917415896221476
0.8964744408764522
0.8889766570825247
0.8918054941700492
0.8973573123663707
0.9152588371394897
0.9094266509740587
0.927987118712279
0.8908629983928777
0.899165860775091
0.9035010358095329
0.9148831116081503
0.8924180501635374
0.9011554070759427
0.8894593446569501
0.8907995147825322
0.8986304652051363
0.8948222002587732
0.9177387182729727
0.9292120300596515
0.9233673147843218
0.8902845263979108
0.9006706727771143
0.8865671661579808
0.9018146283110143
0.8822665756354939
0.8885862616367733
0.9024648574837922
0.8848458645875408
0.9016797372494735
0.9025452835481192
0.9168630486074989
0.8917952702686421
0.8884811944424063
0.8892034144962461
0.8882695352448722
0.8929611084844532
0.8832183865427934
0.8913266646804793
0.8927959234526776
0.8908241496964397
0.8920211179829554
0.8858417613202296
0.8917248842902968
0.8965970293432994
0.9075736891559676
0.9295100612155003
0.9301458198344608
0.9026430875409523
0.8826647220411954
0.8940621224283958
0.9205249316526248
0.9124275276953934
0.9226761786150353
0.9238151364348358
0.9347515890981417
0.9164027866531078
0.9256655084009112
0.9305936465700217
0.9476987791757039
0.9154930469098537
0.8863365257595915
0.8974572548821771
0.8918327309168065
0.9109041427234568
0.9294875984161984
0.9392426115850465
0.9251157435235575
0.9285870262391386
0.9060551016082393
0.8855192483431059
0.8978626747101071
0.9137615584916247
0.9190408495556226
0.906686554660009
0.8862761538583452
0.912206747942678
0.9134137942557621
0.8979982642155492
0.9187005341324733
0.886579471974497
0.8836862620997356
0.9117646388895398
0.9352093262453124
0.9234764479509289
0.8951432728112514
0.889307022812348
0.8866484318584763
0.9057363891533584
0.9205602767484113
0.9020700184848465
0.8855463758126048
0.9024614056707957
0.9177006386722795
0.9066157463817037
0.8820303490742538
0.9100225896953025
0.8944601599335995
0.8854379490601696
0.8823783866915932
0.9130277343208539
0.9001836175184317
0.9163470111791668
0.9148727612688232
0.9205830040276612
0.922019559117508
0.8935820843176727
0.8929389354998837
0.9055067900873157
0.9011756412427646
0.8847630447611369
0.8970124383668964
0.8847280428247761
0.8852566859737592
0.891664165977637
0.8923280916584669
0.8912133123106597
0.8922279879740008
0.9108562497965451
0.898298897331141
0.8866306620566509
0.9059144950331431
0.8826995084317568
0.9071453570485727
0.9034666809187377
0.8850639758185213
0.8840287010428046
0.8876059922758159
0.8932381068386022
0.9003116933769482
0.9170017654941637
0.9007010376930561
0.8886691671063154
0.908483541717916
0.927407737065201
0.9206486533893588
0.9010041363119244
0.8803607453459449
0.9189407649322194
0.8910195231671307
0.9201513287518043
0.8953289499045823
0.9046693406035587
0.8988408378909903
0.9095223506954566
0.8801931049985933
0.8965881205198436
0.9039499872287656
0.897777125233242
0.8848215150815418
0.8828264952133841
0.8974099248034935
0.9036076977279551
0.9117642615848622
0.9282448156638742
0.9361966727286928
0.9153570740561485
0.919784636346779
0.9149619995247166
0.9067613950473233
0.8819488879459463
0.8941767458542355
0.8877858697869893
0.8820858952939514
0.8889357334794021
0.905850686940064
0.8807241588097801
0.9004743276824864
0.929990393588142
0.9008543394047278
0.9029813974664169
0.9172349371624099
0.9138067342823395
0.9007286430819569
0.8901096244426239
0.9019670415028087
0.9092499327903261
0.9332175001345264
0.9274017584557488
0.9361352499451038
0.9603337284986712
0.9798439285015953
0.9976932960689474
0.9911737118691546
0.9782918812670323
0.9737572815935029
0.9398713398068778
0.915072784393986
0.9096285548340682
0.8945403387961753
0.88784832154974
0.9068156612184144
0.9147743126907314
0.9300798403668394
0.9004091507371932
0.9083258182699981
0.9000264873893267
0.8897657895630119
0.8857914137842056
0.8894001815513766
0.9047755420838937
0.9330406923501122
0.9076407518559583
0.928478292820402
0.9117499169345578
0.9173888405684143
0.8908876908100072
0.8843093686381563
0.8808109742290176
0.8989330839492662
0.8848472227010773
0.8918299061986672
0.8924879834885576
0.8835449357398448
0.8975085981153627
0.886941724706775
0.9068194716795276
0.9216987314080638
0.9154554795898253
0.9040270986362559
0.880188474899582
0.8994947058228371
0.8894713180752466
0.8921474692975634
0.908415837117877
0.9019608018945615
0.9255954345927149
0.9032676730037734
0.8890330393209326
0.8896327552724073
0.8847737389914945
0.8912857000810641
0.9075452891185185
0.9056322145521026
0.906947996598728
0.8992966086143287
0.8859007136662927
0.891475920422347
0.8933306438212946
0.9174146410969669
0.9067431459714754
0.8996558148347946
0.8825399073164687
0.8817761423427625
0.9006310887764228
0.8918235379518807
0.8915910593277874
0.8873039716732366
0.8950654046219222
0.8806950603215403
0.8911147167319953
0.8937795064288673
0.9059954070303251
0.9110251569955895
0.9092901464240312
0.9094571469395969
0.9090604403970673
0.9281225096678732
0.9102146636022342
0.8979637805561584
0.8930559271347297
0.9092202134170183
0.8858374906353063
0.9187745505558744
0.9032122242767149
0.9252189404640219
0.9379893762537898
0.9062219553730014
0.8825350438517104
0.8821307146413386
0.8881336120221477
0.8981991414692189
0.8819752514421805
0.9042516102081023
0.8840721957235772
0.8800909680563002
0.8893710581413857
0.9015574723736681
0.8990095290767156
0.8844224524924904
0.9031754658303087
0.909070147952172
0.9140504937753484
0.9254879509564251
0.9236270018410893
0.920477436859133
0.8879912793258534
0.8870494661670605
0.8866264710861812
0.880563872967103
0.8976690644918087
0.8862971330297157
0.8875105526562482
0.901111341236099
0.8995567492085491
0.919761794750851
0.8815892062367287
0.9000164750648488
0.9046039030056523
0.9038213425744472
0.8828635947422476
0.8972679353041974
0.8809885719406304
0.89209770814615
0.9214979232154463
0.915018166973903
0.9115774890995745
0.9346348208292988
0.9356223987795727
0.9088691493621667
0.8820993123371682
0.9009282125175961
0.9013678631532052
0.8942396208036631
0.8859808405572226
0.9110043447377396
0.8855180810160954
0.903150963337836
0.8947631820200886
0.8823725083560962
0.8905154881606664
0.8889171786530774
0.8930023273953299
0.8812505928503354
0.8810768158008074
0.8839828717510252
0.8931905015909557
0.9009100823717328
0.8813936136667975
0.8953344205893387
0.9267040837930138
0.9418460992583239
0.9593329696286854
0.9627515082155018
0.9652026817458461
0.9790460558459599
0.9827612909465688
0.9549647464656542
0.9642902786597024
0.9499260604077627
0.9427977989574733
0.9361191048934261
0.9558250225977718
0.9553087674973304
0.9604334300196592
0.9553045591205351
0.9234684153739652
0.9098161390555286
0.8983384320019744
0.906344606249684
0.8845385150064486
0.8803585230424286
0.8948296319077925
0.9078742339452723
0.9143938920567788
0.9268495070108851
0.9281553312160754
0.9056061469625707
0.8868881972271747
0.8815350900055173
0.8881461072592304
0.9075707684815093
0.8801151732378665
0.9027765089094988
0.9265826877920912
0.9041027071891438
0.8870155165211936
0.913229335416472
0.9221487846207128
0.894805801881524
0.8950079374753647
0.8993901132407316
0.899475282647204
0.9156992355791129
0.9013694091115613
0.9124806488163862
0.8946905630233537
0.8828027592505333
0.8930831829412555
0.903303403588983
0.8976825486301249
0.9038909696555764
0.8960538780948403
0.8881832807718898
0.8819480270155187
0.8946872392477558
0.921604648663424
0.893530703508413
0.893198414931406
0.9080386947446023
0.9221141749470657
0.9234870571641609
0.9404370720194414
0.9439696450953868
0.9318963201532998
0.948190272664577
0.9369951268696823
0.9352956927556113
0.9328790422525426
0.8998004436544667
0.9024585827151427
0.9120892624366168
0.9101349298216017
0.8963180881640541
0.8944532657078069
0.8880278444599945
0.8988114288100404
0.9014704750100446
0.9030613507643206
0.9169446886982537
0.8918842227198841
0.9122644986300317
0.9039413013687501
0.8839845023050614
0.9080566752452593
0.8886347003550037
0.8949315297095181
0.8871084345274584
0.8917886775402039
0.9197954880810489
0.904347767585117
0.8830356821890172
0.8946165996063561
0.8839501947867692
0.8841817796813959
0.8915739602609888
0.9066456995016723
0.9041098837797857
0.8880884825710329
0.907716988034097
0.9313395314288788
0.9553335287745521
0.9217849848425632
0.9195243674706229
0.9182260995247098
0.8915473343749344
0.889095043943599
0.8847030229818443
0.893451416402361
0.9231056214474134
0.9188305849376698
0.8960782920795396
0.9110693522891042
0.885298404404363
0.8920429250383152
0.8884557870392644
0.892975421856924
0.8815643550333337
0.8927433298301609
0.883470295710566
0.8921561573872123
0.9185360789267428
0.911301860003541
0.9339608178171653
0.9409281977060717
0.945925352733077
0.9664928839047731
0.9390406415901084
0.9291497341787811
0.9290299068533036
0.9252203726337315
0.9209430699343383
0.9192797342541221
0.917470788462977
0.8973958229642723
0.8933261752612862
0.8910082124435148
0.8899173805484837
0.8911711894724335
0.8983188195124049
0.9083111710568657
0.8800635221757923
0.9056114799501976
0.9070477876081543
0.89452852568027
0.8889718283215956
0.8856671296917756
0.9028153094503385
0.9274707093887202
0.9263873043352335
0.927212362001121
0.9122617452634733
0.8998979521661707
0.9172015516813269
0.9387738398397465
0.9271870058343264
0.9048566197788934
0.9083081914362664
0.9311767023999281
0.9021374856579791
0.9128916996046534
0.9381797447642418
0.9487748070831853
0.9269639536824491
0.9136012416336281
0.9384312198370252
0.9290370159860135
0.9284727378323873
0.9361133690422458
0.9368604835378814
0.9346628876183007
0.9378928934335108
0.9389636361244789
0.9390331499188406
0.9360609208478627
0.9370749294130615
0.9373421117521742
0.938900091438156
0.940001200343379
0.9412623467458281
0.9422492698298361
0.9409913465766596
0.9398404950879631
0.9430699872797554
0.9422054816525751
0.9444916838537192
0.9419046431725502
0.943290079171068
0.9406144369426749
0.9410797023445673
0.9393611780258231
0.9402346727603628
0.9402899761665842
0.9394357258570455
0.9364734807081483
0.9370406547855941
0.9344168368451846
0.9334746022150697
0.931721459797404
0.9339751356219556
0.933538908293153
0.933069411055441
0.9340498011572439
0.9321148753944777
0.9306691352083574
0.9309179458662044
0.9320073226103158
0.9303426870343303
0.9303136953618548
0.9306707597135286
0.9336391642476461
0.9326630432543987
0.932028869959139
0.9314128612507725
0.9317985658192236
0.9323796688253465
0.9334807467174024
0.9330563746596027
0.9350160024406176
0.9338695607261347
0.9320442543556788
0.929919137539439
0.9278979419861442
0.9267507521425872
0.9281675614238946
0.9292909309877648
0.9280797915202622
0.9289722059668626
0.9293485010105044
0.9284131089553095
0.930710756253748
0.9309880417301536
0.9289566274462943
0.9286058335944993
0.9295005404272166
0.9294243487020843
0.9308466784498389
0.9306366534962859
0.9287911254369529
0.9277522991929187
0.9285783105318399
0.9275697284223038
0.9269594530210699
0.9260215430836498
0.9250570478999437
0.922690204708127
0.9245839344669522
0.9232488156938162
0.9255743218300414
0.9256394654858571
0.9232673272963803
0.9244910165564366
0.923997976845837
0.9235958339254774
0.9253410142439272
0.9232581354371094
0.9255940714865258
0.9231847637196283
0.925614393800741
0.9247655153098632
0.9223690067464249
0.9233273700125874
0.9213967678850038
0.92150499981519
0.9217327756846041
0.9226366394149615
0.9235526402656118
0.9237841539442738
0.9233968528755967
0.9230570491110209
0.9245328345620208
