0
0
0.2486054161576292
1.056573018669924
2.7398388572372046
2.3860940671629116
1.4235573419744865
1.3408911855275405
-3.627937023613728
-7.745862667633013
-7.465830933933635
-9.21264070138486
-6.901974722861036
-7.835898183773659
-4.416143372140156
0.14248417583791362
3.5687019031937535
6.898891374621346
6.325247433300347
7.0697759119930845
9.369064396834874
8.201015298673648
5.631840827910597
7.0620793354880025
8.38712783633933
6.213850203436704
2.7570004182259598
-1.2544617842517087
-3.4526752072475517
-2.807311260608226
-1.8239457169547773
-5.453011000450744
-7.382347303351701
-7.1448383583114135
-3.918411057766215
-2.2543565537764945
-2.846640444644852
-5.692085360273376
-6.053690223061084
-7.0334445369648435
-4.477511480050587
-2.012018913828067
-1.4852679650543044
-0.7751759149593467
-2.3201069774189658
1.0879804022253374
-1.1678330848520908
2.2584325584971365
0.9158540474305199
3.6486347995253383
6.49359873182683
6.928338802430412
7.106049922600952
9.400432856102839
8.618349324301867
10.450527596754407
6.8798157900688945
7.541356711771742
8.062473736780603
8.716853242052647
8.22111226226662
9.677438751289953
10.379745447571274
6.975930968755943
2.9602464157689656
-1.422784910764701
-0.4186435578816108
-3.013423639486445
-3.593613942232068
-4.664031257618662
-5.488836120268221
-6.815599447094803
-5.145928504973296
-5.974226930807729
-9.140756664703472
-6.556117017724375
-10.046990153168686
-9.576719886956834
-7.613399818027959
-7.042731281562847
-9.419573210193331
-8.999095479350606
-7.693101470646778
-6.358588851760497
-9.066557754440494
-7.951177896463556
-5.107604043634115
-7.64211350291023
-7.152621678569032
-6.706155266068771
-4.192764021166043
-0.6645922405130364
1.4763076233691454
0.610292844635577
0.07934301557584655
3.6760859699361976
2.2810721445632494
3.3436174905061042
1.832414012677559
3.609845905128754
2.154472522526916
1.2722973462702356
2.708900865538846
0.6412221558615758
4.015718371233298
1.4151343328422765
0.0002024275027051603
2.9567917957729883
1.635928760844082
0.1672712791905569
1.8780797746984164
1.7955633400803728
1.6760388277797515
3.113934253477708
5.496520715456545
6.593135499122564
4.121972645978388
5.990083416329475
4.357418235878353
1.9491582794348874
0.8630012671555028
1.911954589515817
0.6054891395086226
-1.635134839853093
-0.64286613909056
1.9458663891123895
2.5747758218416
4.59381357939451
3.1444151120898716
3.384007906199675
4.6789609377975925
5.425684561518053
7.983055727449571
4.1866663194703895
1.3690155610789867
1.5907141756135126
2.883311511056687
2.896772162236842
-0.39317603477480956
-0.3583918235420347
-2.1874061971010557
0.51573377411228
-1.5938198748303871
-4.232948728219505
-4.050345034504368
-1.3128717731035375
0.9735950723127028
-0.7639378061253624
0.12657228297164852
-3.0559003152493434
-5.636207789493081
-3.6497064169286615
-5.840349238421632
-8.23108415120786
-7.017632528259997
-4.973928917641604
-6.953146740475651
-4.189729131277954
-1.0157248557984326
1.43431249856309
1.0178762396762597
-2.044177885650838
-3.9461079945180186
-4.41097420098222
-4.004943809404593
-2.7496332448788596
-3.8524541349370076
-3.036857899933305
-2.8159404904704823
-2.5643497478358364
-2.856902567751376
0.412077360498575
-0.9099779243954927
-0.9674309896510429
0.7486791397207333
1.5542831356271885
1.813514481505193
0.8560770914879839
2.40296570868563
0.7762058158259397
-0.2514810537995549
1.3841646296582581
3.154028473598458
0.5915830009025644
2.0573263645036146
-0.9119933443801137
-1.6893529615736904
1.4097613537240603
2.2829561683800237
3.647376885466298
1.7916558097314648
0.41705968621594064
1.7443243330711733
1.0072973957545317
4.006317571542814
5.019818967597505
3.9679621917254457
5.086557240033464
6.744915988807294
7.217288278397922
5.466809941153502
7.4062576584576085
6.7257346638023785
6.19510535241705
5.212999997160522
2.887116199245151
0.9866301385756123
1.6127119925922018
4.1635845508712785
5.895661624193152
4.032547221840021
0.6771718119931965
0.2953056956673268
3.1633016782843315
1.3484281061134467
-0.8048262838146546
1.70299876248389
0.5473513934991553
-0.45339957424398775
-3.540039757994832
-0.6885377125961383
-1.3327512822106227
-1.9388207360467857
0.005061412739862742
1.3543217018724318
-2.142762646741578
-2.745961686737715
-0.09984063335046192
1.9172033616308064
2.308590443118341
3.9382146119610915
5.717840316293415
7.657198137700725
7.129691991769314
8.338199529792515
5.646985492378931
8.063174184614201
10.22494528346697
7.884889815574425
7.195115676709875
8.249865959887838
10.311465229991628
10.039470711623041
10.559891264838644
12.452745861454057
11.713964834458611
11.237679603730507
11.932833007690018
11.625077636859865
7.407493117969663
3.570020301095502
4.782710089059511
0.943602442603974
2.0908873676668263
-0.5813981144509641
-4.311086351064954
-2.0946959531131286
-2.118949247947657
-1.5868130237857068
-1.62206508830195
-0.18222846022157602
0.6640516182355454
2.4101740150951017
0.2809888290535216
-3.1848140214804723
-5.669725708308048
-4.7522656677771975
-5.9759590062075585
-5.276308617722153
-6.008906790545972
-8.721101523761883
-8.853816496083375
-12.378173776165806
-10.484952002725523
-8.026471359970781
-10.683450464643103
-10.160509056303288
-9.999906515497802
-7.002089265098753
-7.236348984751457
-9.720225923850032
-8.738741888512031
-10.634195615171771
-8.344801347109504
-6.0658082370479045
-4.476156413050467
-2.801215230073394
-5.699984679851853
-4.580571132900743
-7.479007272431815
-8.118162968383187
-6.783202621205714
-5.914406635702452
-5.515799823859097
-5.864405680181324
-7.169958838731415
-7.217775272669165
-5.598020762348495
-3.7669394650150845
-6.191051153064674
-7.404442333516138
-6.667844747827069
-6.766613941082374
-3.5562529519854102
-2.905951517668531
-3.173585602189999
-4.710375170790733
-4.862183714030677
-2.728157699615987
0.227767597239394
-2.0363909723288054
-0.5013153396584517
-3.466557949797645
-2.0461355920905744
-2.7037068257486565
-4.911252075803214
-6.893192397479496
-7.411946778810116
-6.041604714437221
-2.9059614583686377
-1.7573795131497032
-1.182806228144144
0.38581113048085414
2.2974286574298985
-0.44312658987426906
0.9572607999847077
3.179662900672093
5.629238911765815
6.9695602013947875
7.4260794356873046
7.613456163706044
7.221363949002417
7.746996686794284
8.024129127400592
7.641794921716444
6.9324136483067775
6.561091818978701
6.735740937678758
6.533622655990255
7.117817375546241
7.229176640224168
8.457290571757339
9.027404910924451
10.039828444656289
12.066223995930216
12.936941330847857
15.118814748833215
11.007344720441955
10.64964473161435
10.776438147153687
8.131257156424532
7.235898798568118
8.229330994985213
8.80166521772502
8.027603558016558
4.708932348660851
4.153481194244167
5.652602816543887
2.387055801139648
4.722674108213918
6.356466850199865
2.744878099752612
2.2149486154294546
-1.2530074895373913
0.5275336231163698
2.142822564113407
-0.8033240680370428
-1.6360828179225524
-3.8396993995920967
-6.91712285104892
-4.029423343077895
-2.4933850163181352
-2.643363096591254
-4.767676898826654
-7.394506575744285
-9.795641736012211
-9.738470945214068
-12.741062777117042
-10.985195214657395
-13.787914811262766
-12.535777102031009
-12.233194542424146
-9.601699729863768
-9.090251077710546
-12.036255805738511
-9.234854559273405
-10.552083940050492
-11.328625097678957
-10.968062974879254
-12.536383000705541
-13.745454403425544
-13.24289227610438
-13.626568463608029
-16.069445224832446
-18.17526518308522
-18.091099616254912
-17.070459688896293
-14.24273077553693
-15.32427239038791
-15.86574397845183
-17.260218257526233
-15.707716532806126
-14.516758460911552
-16.45670754363638
-15.996514382600873
-13.680541024873918
-13.80814445190775
-14.715464038428385
-11.488702096483221
-8.320246708746156
-8.074251849873013
-6.851690759696709
-6.89243326319919
-4.925760328297374
-1.553861762738947
1.926952456068987
1.5995407405955386
0.663141020644489
4.047789955384283
3.524247270014041
2.794628641543209
5.301846935211375
7.29995073613834
10.049901615713063
9.979295257686648
8.868526934178137
8.687603625795823
8.693926045545364
11.911442271814344
9.346630350625524
7.982232950946075
7.810979891640945
7.8291480065354
7.505097646887308
8.721076373394714
10.676073833421846
11.339653485604321
12.591099638068176
14.895911150138033
12.378856671162684
8.814221255282176
7.595512951348099
9.528667048148003
12.113699491007765
10.465006792628792
11.584686595696333
12.771609766209927
13.870647993351735
16.15139717613538
15.149628430354127
15.730615646078796
12.220383058587059
11.81706747120182
8.300108895142484
4.816275892124251
5.697457535113538
6.869911570900112
3.9911848738064446
1.1978428707318856
-0.3640009095982699
2.1799627136923774
2.85165408184681
3.2844965250746627
1.7501450807085972
-0.035038512361654894
-3.1228835192444824
-0.008605896107456434
2.3283656615761714
1.013597272701472
-1.45566793054944
0.2536108448342219
-0.5842104245633422
-1.5032029767342516
-1.6273420122450624
-4.352190496264942
-5.414927458050906
-4.5485871032852465
-3.6415233976422647
-0.46014828605606317
-0.17144174297429673
-1.1149791502628965
-2.0092110369387255
-2.7303485787696853
-2.4648698155213267
-4.196405069560765
-5.186319220480211
-3.4807296994004178
-2.6736555324285343
-5.133412542917126
-2.6616749945319516
-0.5069655583438119
-1.9642933381991934
-4.6126417540355735
-2.6195365399997743
-1.938939664296567
-1.8849064290979336
-3.4457021689078657
-0.8942005112851458
-1.8495084000875497
-0.6647601919643561
1.9534239529798285
0.01161563516504504
-0.5404743991305432
0.054938194718009536
-2.2633518896174216
-3.5413966523940883
-1.4171168223905999
-1.260790978938298
0.7052191004902951
-0.6109002119180224
-3.6003483864200185
-3.79795012279532
-1.2435798069020934
0.365102986686651
-1.5379205811263852
1.4054654299586666
-0.4003442290046588
2.682996987731349
3.419253932144132
2.24745942034649
4.635357748480223
5.080224584230954
7.854848620781393
4.384764045429905
4.311767350318115
4.756360411737976
3.6030615182134387
3.097424864284101
4.8984595166564615
3.3185735576812867
5.615071467916348
7.935313257866466
7.887441454608132
9.417629218205603
9.75987177604995
6.486807299893926
8.85954798266225
5.677621663116186
8.237840670835022
4.911854531928865
6.665539148723122
7.6230036669294625
9.711519042519049
9.018001210592505
5.0860148045426365
2.8081474936958464
4.193787100764817
3.3394024551716126
3.6652170156801063
5.782774922404787
6.44154951037807
2.7050786779934906
4.122533200200394
6.058105414847149
2.3919585619923414
2.0872420983371494
3.012070088972833
1.8962988470786586
0.5596399462267094
3.291261140092768
3.145851042118725
-0.5530607046480408
-4.066041016118094
-6.749763281577552
-8.019325777522056
-6.153344867204394
-4.991382778416216
-2.4866068775870422
-5.198901030000698
-4.236230570584208
-5.775442209159557
-3.846430139818784
-2.7531428404258964
-4.295300158748722
-6.20024608791294
-5.562906931312058
-2.958916782530078
-1.524131880746236
-0.7550006349427694
-1.0173442750970865
1.8925722347357576
0.6758489819963891
-0.38175919290284965
2.119505352395862
-1.1016478197919175
0.31513765221077245
-0.3531587171048544
1.1507631939090839
-1.7730661876858598
0.02665097578586101
-1.2718856137506522
-0.9121678605824353
-2.831298962361561
-0.7465858757783687
-1.1266980104083204
1.4725938234570193
3.069327161474941
5.550537966328324
3.398632814957762
0.7769442430173829
2.436850592143999
2.6919943890345905
1.9105224863486203
3.651004714980634
1.7183929938331368
1.023248863045826
1.2811077696370088
3.413263742982104
4.413809430659416
5.431649903815514
4.4255994888185475
3.587287667483779
4.251695106476542
2.2656752011289782
0.6237685513419521
0.7285005011169666
2.890139142360514
0.6878514509244102
-2.225737449942675
-2.727833213313375
-5.4129084420340305
-5.841853374491655
-3.8781924355334434
-4.343370419334867
-5.648436758380208
-4.069859484416802
-7.038596789813824
-9.226139924706965
-10.593496000892067
-12.347965939762167
-11.335003322379615
-14.083875120955632
-10.457847996785802
-8.488207497927222
-9.959909763112199
-9.079910879662483
-10.044432406084507
-6.793224273639053
-7.54729609594572
-9.619164498298769
-9.881869185093745
-12.005496491235933
-13.258396859898847
-14.900253680832908
-12.011668230282691
-9.770931767448328
-12.45002846979129
-12.21647483926679
-8.718889104022827
-8.191871670853773
-7.678388587947541
-5.016288079058074
-6.357831576029917
-8.094896913429304
-9.633173232936945
-10.483153115010564
-8.962598818798503
-7.8024449041147514
-8.130042896973412
-10.045131841392518
-11.849417569399973
-12.89916126601328
-13.876903161659744
-13.616253305724275
-9.693598989765679
-11.073847280283573
-13.014707724869487
-14.814414336891904
-10.609976739130175
-11.199078021461402
-10.722507783510503
-9.707024621931275
-8.877109474963618
-8.796435807863725
-5.1267102358455565
-2.851031086592006
-3.742758763782057
-6.200201525256298
-4.523066600623494
-1.978416651146904
-0.8755970721531814
-3.083458892511607
-2.7898848984461346
-1.6117251426147952
-0.5148770314312632
1.1493949587851637
4.4937767438743075
2.3443299504645
2.511531284297422
3.561798679578975
1.4965365672290503
3.733703088494174
2.9697851232885357
5.07387320354118
3.336062696590379
4.663794925092619
5.098032172554474
5.702117131700727
3.085667573271869
4.150677216636213
4.286379399511487
2.967261660386589
5.2152032778088575
4.186029964659819
5.688803401286702
8.699432142841513
8.315222305717949
5.676135738138916
6.915111025365558
5.5959278347238
6.597023274172362
6.942022249303202
6.986056016077534
6.023557441964869
8.954313782826834
6.03283010942706
8.345685460772163
9.064664326920964
6.254673046445198
4.372007417900357
7.027528453584156
7.302967124388883
9.344366804577522
10.82316730388788
9.130350815244801
9.423922985149298
7.974246437627279
10.31515114932565
9.143788312119934
9.485205423324132
10.716574686007995
8.764224655782085
7.021805471732084
5.157836060551243
3.4794706751229847
3.4963154522183055
1.4937601163196517
3.094736461153754
2.2496163240820666
4.004048385213747
5.04440977375335
1.8741287615783486
1.4699952580737137
-1.1283066767619516
-1.6312892563637502
-2.0323484890516603
0.19982720558968042
-2.304128712901171
-0.5031342228727975
-2.8935061846113332
-1.307112438694708
-2.185004670092914
-4.557349298328075
-2.6284453987853165
-0.5687511883381418
-1.3957651489485863
-1.980695383040884
-4.522796690233088
-4.171909734401558
-2.067964832942698
-2.751528191202112
-2.8006399509397166
-1.0534626931889342
-2.2264606570406613
-1.5726951215528049
1.7350877986589954
-0.04717375568655023
1.6159124703506251
4.436861781445151
5.967401548881933
4.0823418014361
3.47953929631991
5.438236251621433
3.4634306028541957
4.8396156828825605
3.4059820862444825
5.69423208285099
5.225417128923797
2.958498266172228
2.218173521656502
3.376461061257509
4.000155136946589
2.623559883642632
2.257237149980964
1.2600707764168433
3.0956332608538766
3.3687021838780864
5.463414748185789
7.844024049959377
7.410612935410138
4.03117262397131
6.2600601917995755
5.1874399454531614
4.932771926583166
6.5740180781046105
8.05034067745697
8.174736198258492
9.05351318699667
8.31087482642593
7.94319555937748
5.545297310472451
3.3349439772218723
3.020612496869699
2.6931764761912786
2.9753142503397685
5.352596310524458
4.496797377766163
3.181095517747061
1.1815177357817221
-1.3160022073077589
-1.4248072753414152
-4.360320589861405
-1.9976467614663138
-2.0626768386467482
-3.4396241112115677
-5.63838082437872
-2.7480760085640243
-3.454631089415222
-5.662983561775194
-6.01366042313362
-8.726072749818032
-10.198456188431416
-10.068402535121926
-11.026466730686902
-13.066717625346087
-14.467026934320238
-11.205445330321885
-12.070966439111343
-8.403717911612985
-10.47844371465279
-12.486514451043961
-12.763202452276472
-13.930634357004935
-12.561563272645213
-13.309290788721468
-10.796760789810504
-7.725789526267292
-9.099999150396803
-9.996857465997625
-11.930807272728206
-8.607707203774082
-9.318759359845993
-9.18764100642197
-7.635018899423893
-5.877504978081303
-7.457925170485401
-6.737715979537702
-3.0623851624510197
-1.705114786785778
-1.035113610237862
-3.9028267567419808
-6.199933477562639
-7.380477729465493
-9.562141302723315
-7.919388094809705
-8.537129809820998
-8.81577010403727
-7.180487089422176
-4.325938541632629
-5.387974971907051
-1.7665764594933493
0.15921613592127176
1.814413278745643
0.500922849205929
1.9127015618945566
1.5611607341209779
-0.31596144253847264
-2.073905005708226
-2.5980715405889954
-3.9133373405775793
-4.014654559686997
-4.25564884504599
-2.0187080847778027
-3.123266851855576
-5.287647316538248
-7.337661706774661
-6.169124664944744
-3.7095028482006227
-6.0673718353686015
-8.200994760433389
-10.49197547112442
-8.877682121285929
-7.582534919405072
-9.824023925458395
-6.845901715067736
-5.202247380043876
-7.264633703536114
-6.953197839998735
-4.387282588637893
-1.6216325367850986
-1.378955762557188
-3.3596458653276904
0.20692779720591004
3.570080253161635
1.7642054828144094
0.6184435239381278
-0.222213030678166
1.2665810767011392
4.295458664698497
6.670995290929436
8.050215667349484
10.470254713583028
7.3877941140455174
4.6252898766887425
3.586960488915832
5.3064758414933815
6.884625056974781
9.345829010792919
11.201318364852636
9.595426767884902
10.346443554368564
11.172648268433871
9.260145870949428
7.085164453491067
10.00823777160552
12.699528755559859
10.7923389746954
12.74752897902177
14.342549838247841
12.635088981954251
12.391539873798093
11.9725782531685
11.362583727076323
11.118909777878349
11.074257369599552
10.895549746632504
9.52059542306744
9.173668518152114
7.988933461002762
7.376703543155134
7.35903421241162
4.922765759972246
6.406880209434973
4.727207441081297
4.4439632306479515
7.078903720660249
5.074768133696748
4.110118146653813
5.89921034110052
7.866024746774084
6.6682747902656265
6.86617611544519
4.137619656127186
5.543937176830697
3.5676077439972302
5.415493891169038
7.339375952416966
9.65680775185872
10.977469073159005
9.784087529831865
6.97440888339196
9.419047147595377
6.8340224394551505
5.514655286047603
2.0182153411301766
-1.1812154281702478
-0.8383070129773118
-3.6193319418241354
-1.3598998583805741
-4.457594140350009
-4.213509100840318
-3.1816047981309685
-0.7313101437228277
-1.7591373654898632
-2.261493320723508
-4.774949943259893
-6.262903213336451
-4.885594822283968
-5.635621594953661
-3.1849392091620095
-1.6739019850109098
-3.5182824431985744
-5.515231711773402
-3.653008960711992
-4.216936770451091
-2.6599560786173635
-1.9735364815084162
0.7689668090269743
-0.9773282516003247
-3.853378673737259
-2.603906769337088
0.49991318048994443
0.6387913347495232
-2.511516412325468
-1.5986487877998803
-1.8982453573643971
-0.21685504666766056
2.623712763406794
0.42197010290453657
-2.7141581561898183
-3.403565827717497
-1.5687196743399183
0.4490446495511119
0.8740298173058191
-0.19008064279398806
2.553244543592941
0.13510510084891758
2.884426930550352
0.1731365452534652
1.9727896315741051
3.2576618687334005
2.6851709473217538
4.972723827718799
6.121654059618455
2.7072764034425054
5.551753835495592
3.7735857719390524
0.5142637989804268
3.309442710120083
2.331843311018898
5.129894080321433
2.015317553252021
2.286541095306245
2.119120601848626
0.04371750308069759
-1.3810266391104136
0.37439474515682947
-1.3642176399137274
0.7892019865802238
-2.3118596187537808
-3.067968839818694
-1.7446032632590587
-3.991033613209664
-2.7900218596889346
-2.5165494677911373
0.35606374200651575
0.9715528747139437
-0.2842623499161957
2.2767375367296823
2.768447569274163
3.108578966875215
-0.12637169428980047
2.9411015286602997
1.8000829025115044
0.09295620093277257
-2.7719311459692233
-2.9304543677399804
-1.3130272383052608
-3.230820571304292
-0.4751749249593175
-1.0389064375434873
-3.9351067680076013
-5.315387171306325
-2.4697448537971476
-1.2059281417609025
-0.7003394384744557
1.1480669112861526
-1.6968275026105981
-3.0803449450272558
-3.1983441458320456
-2.611007941081619
-3.442839314312522
-1.867857667603493
-2.731698138115795
-4.5691316975800795
-6.484382330820218
-6.3585047409152935
-6.60590495492506
-8.17705762043295
-6.753143384209486
-8.40217348937041
-10.880665550292958
-11.13678951974155
-7.988587011840488
-4.39372360845152
-2.018616683612416
1.1595674609850435
-1.8386906699970134
-1.9756107358099966
-2.8495541125281925
-3.801437402565506
-2.638651717265903
-4.639109291108026
-7.05728783286527
-5.917128437586048
-7.563224270720362
-4.943408763288653
-6.850305651156032
-5.672037933977029
-6.088872663588435
-4.888050811695951
-2.0522272495524208
-2.637985017697678
-2.4462976966663197
-4.101713116772604
-3.5324702072383722
-3.5851838205399513
-3.9551475199451445
-0.8969831313551292
-2.4160789367752717
-0.6497972388964169
1.0038088652379134
3.642817872190319
6.0222378069139175
4.871282719381785
2.5554503436007145
2.9632384886764025
3.149146320310447
1.383765824889061
3.4841964195206008
3.040004961173355
4.927192693644942
2.8373013497103696
2.639288885687029
4.661469532519559
5.186225582427377
5.307045177295996
2.25963948236758
2.0475984501006472
-0.5671610803235492
-2.180649372501567
-2.667453064715093
-3.7490291648589857
-5.2951292933309295
-8.051817939342826
-6.1636862768493845
-5.309133809124584
-4.616854384505408
-2.935967685198295
-1.9826790907211382
-1.0751859832968833
-0.08780483567994046
-0.34311752725147227
2.1993132200408962
0.3114018577469111
-1.358088276269705
1.7061216796317678
-0.7045499737896547
-1.9996412246532427
-3.601016194137269
-3.602931148441019
-2.457879894569163
-4.9975470875199
-4.5965749239949645
-6.0760378837005655
-6.954098263391364
-8.353921122437798
-8.756558994943719
-6.496048991964333
-8.743269163458256
-10.895215488580297
-8.852878465892186
-6.457506779912927
-7.631864403471738
-8.691106015898885
-6.9302683077117235
-7.737571121924295
-9.144131070174359
-9.378624086003478
-7.1816532696454916
-5.709794183525026
-2.8894150297009547
-1.5748742705413015
-2.4875605915511603
-1.090242952977584
-1.2534789420193824
-2.700216032475499
-4.395564593886701
-5.480081025220838
-4.168748356072684
-0.5328705874443956
-2.274180533745899
-2.8326023398095193
-3.012617777304003
0.3741125046401985
-2.425163312513518
-1.5024756608928957
1.563093842941802
1.2173145078864536
2.9264434422418732
3.503566920161509
1.8857783789912523
1.3416905295279662
-0.7921758081372945
-0.7553456446067395
1.4681111793523738
-0.5726618555324152
0.22375029642110272
-1.8289923525195435
-2.186567692007989
-4.637555706703243
-0.9208554645878279
1.6660889092256947
-0.6507532535811893
2.170334850945454
3.3071819169848955
1.0033620991625871
0.9270333044286094
4.359076328791873
2.5443945676430073
5.492088773346432
5.329378615839028
3.5792545936328954
2.311499819516177
2.6713122421700217
-0.29555527114010954
-2.4425974585724077
-1.6462405983594364
-1.7336818021548677
0.22335772496909118
0.043794576567921795
-1.0714303798019666
-2.304025764443216
-1.4096495989849773
-1.4040788781828173
-1.5467837646450915
-4.017669346214949
-2.981131145631399
-0.40258398880705
-0.6874847256478163
-1.8522599501974926
-0.24775791852631646
1.7987949750204197
2.2251401425491486
4.865879497940923
2.6719313822119726
5.4085237367389745
4.3243814037904205
7.194095020079746
6.906096715111831
8.292489234882956
5.301891306814862
3.3018365482542653
3.512325682550225
1.048952067837568
4.425814718502487
3.4038321404894902
4.071162288943005
2.19099035759689
0.030231815970046483
3.0738976339448207
0.04607215270184639
-1.6865232322884065
-0.5471277018314068
-3.118854939920639
-0.04033103079386369
-1.0436662357088717
-0.03181327959314534
-2.0041682753420864
-1.4400506786212763
-2.3203188998013053
-3.5274163862582086
-5.342648335131229
-6.018577177984736
-7.9733791960277784
-10.296381935061067
-8.194090651322485
-10.34204806486863
-7.625853504681076
-3.8957732986388005
-1.8158499442985951
0.7085589493175095
0.44581171684989807
-0.5748310237290293
1.862008449357093
1.3414193493691635
-0.8447259855305856
2.1258955583414623
1.5651640083134342
-1.1565027949284006
-0.6583633977633883
1.0580301750019185
-0.469426645165116
-1.2239463771914614
0.8694701586481655
3.7526046053930067
2.411487018961422
3.820458998281962
2.769160802216461
0.25175059663385174
-1.593055568147771
-3.4685726468153324
-1.7919695762214
-3.827329842454482
-3.420927528529468
-5.070724556350148
-1.6122252875279601
-0.7119023663277981
-0.4776487627542143
0.5654695580552009
0.7353977480252893
2.6117294819845562
3.4723657686336042
3.2679794810622407
3.61829439579463
5.539447353400353
4.4017302453878
4.26227387832077
3.853012581718455
6.593845347118012
3.77282581701623
2.1341724515962848
0.7745858601185429
-0.09508883046756339
0.3713476957594621
-1.8459025337924535
-2.5836321671284974
-3.506129538510085
-2.8631115187630978
-0.9324299073736008
-0.7880814004921441
0.17005377082733292
2.7707654148966467
1.9079037047235587
1.509350048306278
3.814213757709287
4.8077997379039035
3.4857158152565804
6.552900482067287
3.7438885926487986
5.0253904125820705
3.70330283231408
6.919392329499931
4.325963366477209
1.5109606635171537
-0.4929158401572986
-2.023801110921932
-4.645341065771796
-4.2981750645092465
-2.2993528292196923
-2.0146636561102444
-2.886364707126512
-3.5629382482777663
-3.009682002675445
-4.793844047704848
-5.987966430034815
-5.302946823859709
-6.015508781110801
-4.3012974812707165
-0.9790409877245003
-1.7750838723182554
-1.8340890208942753
-2.435600737870023
-0.7429961643707592
-1.347052636879463
1.287210478746738
-0.28833258899929226
-1.5859983526257802
-0.23200115192713217
2.0241278172270216
3.3703042234683025
5.094146406075678
6.8771609623523515
6.701262497067509
9.288786414854465
7.414288596193511
9.332320998477313
7.8409692605610495
8.133935642940155
9.798312848305889
7.021613020838816
6.715437901796561
4.35627297965518
7.208158127962426
6.779499014867768
7.635153464311171
5.4838888279112705
4.231777700724171
2.1442712629685627
3.0931050656672627
1.6552331393577675
1.183017224340508
-1.5038087553228876
-2.4392541129496523
0.6516461888238734
1.250632817154264
0.7991803588317341
-0.0278589709527004
2.766392038064194
5.394047738612388
8.482839292794525
6.861617411575239
7.355016210205191
6.078146356813211
4.3387188244321315
2.235712302674999
-0.6337917106390554
-0.6746156473255137
0.7787240267233371
1.3135731903582446
-0.988610973148349
0.7779536846805286
0.7651099533994652
3.064482265291915
0.24960416301307303
3.2436873273947247
6.23479045925043
4.820687412403137
6.5067028617480425
5.940668368803685
6.368414007432259
3.28952072213012
0.6109097684091753
0.5767051936062689
-1.072138359773692
-1.3201619205523956
0.18559418542383366
-2.23745441146623
-3.443982245156964
-5.706541664750048
-2.78024649748607
-4.870946354919476
-5.436680694879892
-6.094553222287095
-2.961246395493211
-3.3386688783126752
-0.4132524669287442
-1.2634520313419042
1.285929476450973
3.955631134317543
6.886808971924881
6.658418120462323
9.022321315510816
11.858292603611037
13.176743257757325
12.431206389673648
11.391168242101582
12.632439025495628
11.018156467618251
10.94388111836233
11.387581409215063
8.96697551780057
9.370694406494854
9.772303870228127
7.959140691545102
4.490905585990009
5.990821031881619
8.057913650719984
8.027355781355187
5.954042883869392
7.6348257802210275
5.770615208156889
4.666817213053801
3.3663447509804634
2.029104586614747
-1.0822715338334286
0.8850625878526873
2.604347526401127
-0.5622286642212128
-0.7607467516409419
1.487522807137806
-1.2005991874297908
1.3677896614230043
1.643943410742075
0.6123049431619354
0.45212512689613604
-1.6145231808406058
-3.3779353073700027
-6.020403510154118
-6.314002361765358
-8.776194331939852
-6.23655799910096
-6.330714298809279
-8.678112074493049
-7.918805308127052
-8.360560226528692
-8.451294268502565
-10.64473607387766
-10.583193282729914
-7.185962125690717
-7.906493378073464
-5.030428098868953
-1.7727486808018071
-0.5661418460387353
1.0776353410479649
2.6382933560851263
-0.43026441666041604
-2.7733083480968164
-2.6106976254431817
-2.628657048836938
-5.254188839859301
-2.897064148134425
-4.384907481186106
-1.3949667927395455
0.004706694851024151
-0.9527765137325271
-2.483447375083546
-5.07958416676065
-2.943469020260528
-3.994778158284739
-4.046023147087173
-4.017293350687802
-0.5564356350504739
-0.9477026131768761
-1.5922331559268055
-4.266889192254078
-2.727907387215166
-1.263941822453519
-1.314333066634249
-1.3116003770231837
-2.103660793706539
-3.4015411407301412
-0.5551172630292973
-0.6849384838831079
-0.9816394454566294
0.20392365089356862
1.0317456892572399
1.4197182902721404
-0.6739468458263241
0.6191126659217386
-0.4650212967962686
-0.3260959797489677
1.0492245162096434
1.534682562441486
4.257155913846965
3.708246798302263
4.8996965586614385
3.2687031495921244
3.2087228945513857
3.9949693783613585
5.584514524567957
4.331363940124762
5.574337408688515
5.160497920815538
2.650696486581805
1.8308484555710647
0.9265787486939737
3.3733633623549006
0.27579274321835107
-0.2556084898813913
2.222993606752291
4.253016061755455
4.811508519352926
2.6293102344164234
4.059637606575551
1.388279952678653
2.355110424770591
1.4570422896359774
-1.2366595929929445
-3.3722378418280834
-1.0731945300332189
0.8133686626067891
2.4061880964165794
3.644427093391284
4.147045088314607
6.88404093981235
9.007254879320392
7.587786392139711
4.643377026331518
4.67736788370404
5.104388638664623
4.164468793530297
1.5286045818688605
0.19198772377294343
-2.743870339113153
-4.312991841587282
-5.129825287813486
-2.6954890656831836
-1.574336143139238
-4.361607804153378
-3.4515455624357103
-5.6923273311856235
-4.784316721445731
-5.584183140658362
-2.238374021513798
-4.478013035439539
-5.533884169533681
-6.110873170117085
-4.144173243445789
-4.361530988844368
-6.429763821594079
-4.338097974370881
-1.8512197595827928
0.9352260233218473
1.0710306836886663
2.715659124389887
0.5223791136289511
2.739303227509273
2.8548867984437334
2.987731013825777
0.5016719225160374
-1.8106826672530698
1.5127732781085192
1.3374901912494757
1.8911737972393332
0.2033835109964048
1.7324760732451892
1.2697530161192838
1.2770449139616282
1.4073685328193994
0.8088434027297288
-1.4507842269315965
-3.1240654358374895
-4.910495048820839
-4.988565957779944
-6.874209289064846
-7.7910173451821905
-8.682030282530013
-8.777205606023045
-7.594110221886363
-9.05098387076478
-6.526216360838482
-6.684512388560683
-7.377626716129136
-9.001015171792721
-5.441176363421783
-7.599818879945388
-5.642734721773388
-2.835562190380319
-2.7775249337688646
-4.21209077521957
-3.235404855981514
0.2302428770968228
2.7767453643935385
3.1060021251479184
3.864058052173791
4.905087822538881
7.109275528509224
4.524950971469866
2.0669315065558007
-0.14516888331501243
0.3638798944617785
-1.2163688158035668
-0.777631161809766
-3.691660864633708
-3.9715505348599858
-2.5939965875353543
-3.2229344991890203
-0.7108646565183403
1.0049035296320505
2.833049833945155
2.6783475295787698
5.2893452902534435
4.7086855421270295
3.209554088120857
1.4602158394011338
1.8112468911221713
3.1380341269103535
2.929781321469151
2.307609440346394
0.4222842973886014
-0.42443018863409404
-1.427724390783472
-1.3854602755823742
-3.084698865113944
-4.125198135912817
-0.7106392972364756
1.3901381727701967
-0.890985587274131
-0.9692237163471789
-2.2862770035761715
-1.7957485305059797
-1.9004446368926087
-1.0540479603143305
-3.4562423358830365
-0.41606874971276664
-1.082999699046035
-1.7406895725328282
-2.0412510263540047
-3.170804199224458
-3.048650851007429
-5.491296177951717
-4.477170619530228
-5.6988659610009
-6.1102126971120825
-3.7625412036277353
-2.2756989830060728
1.0524370453599694
-1.2308303761281307
-1.0128714074108216
-1.4516710493415275
-1.9918618051316925
-0.04255309733728521
-2.8644660451476898
-3.0575067149322637
-2.0706124513474893
0.6829031365999433
-2.220707199393662
-4.008243737684775
-4.162549733569792
-6.568955678508303
-3.307207039490441
-4.656603603285077
-5.612558247883098
-7.48682438501624
-5.45924193208039
-6.761843985907212
-3.918055487448804
-6.260907125468605
-3.262171269973586
-3.966680956172663
-0.48179647712192347
1.1635712142251995
0.8614381214551938
-2.0114022685087645
-0.14020602065903304
-2.588778451560619
-3.471378279928346
-1.5233126216711506
-1.561537418700297
-2.7902324397349614
-0.8482739826352592
2.1655336479894842
2.218129828279565
3.684031117536195
0.9475155698968438
-1.503667068392576
-2.1408871487468297
-0.5572569912116455
-3.0550273573617153
-1.2990669413650853
-0.6992407901124467
-3.4603074466324295
-0.8854344895258341
-0.9995181518884682
-1.007868892984538
-2.6559096067250403
-3.0019220519346135
-4.721162721630443
-7.221699056109974
-7.80302389054633
-5.591102080554682
-3.809598551196045
-2.2888716453263975
1.0961802270479732
0.3335561907342513
1.721917788679701
1.4984071664650889
3.5227452431811765
1.292105474236514
3.125169261010865
4.5168124284438225
6.979736712490356
4.591958601987409
1.923232747696268
3.513774641588213
3.3072779870005142
5.843946702578279
8.374409484123703
9.978159716084022
9.084381729975576
10.119442718265343
8.03905802874363
6.231977765048405
3.616675953032306
2.3482200291786497
0.3213384757678053
2.0004915429951917
5.086167760345271
7.666683247044028
8.423344567509092
6.626320004643157
9.091911618861714
6.158569592388531
5.183180889301927
2.4388671875189933
-0.19458611390732838
1.2068497302130785
4.053918896530764
4.64316939162262
6.21968192304069
8.211025556247089
10.346815200457906
8.640634180673755
7.213814600858822
4.53671162675599
3.059979181456844
4.389806128219932
7.0926517860722145
4.460370351399606
6.084017154578694
8.343883385036527
7.577334784225881
4.483158854431823
5.692859256124689
3.9301640242123894
4.018475286788123
2.8818318682521875
2.1484372853982787
4.7073253153826276
4.227021677091243
2.3512942007757776
2.2088211802067956
3.53909436440558
5.9443455871163655
3.1792934858173783
4.05623342912767
1.9779706450463355
2.1654721367640226
4.380847929061498
1.8837921988599662
-0.09160327771267497
0.99022690543938
3.4841818518763925
5.354274106588872
2.2800548587685343
5.374520302696266
4.90516480019719
3.8351157279710555
4.009827299092588
4.819935994518024
5.934894136119953
7.388656415915377
9.635726404112065
8.632640568775082
7.799199782019118
10.284677569785824
12.789318282686287
12.774997926273846
11.28741940521824
9.32101362040225
5.782093495670718
7.737356126862694
4.543580583686366
7.423685599313389
6.30218917717007
6.078728696501551
4.76921155678147
7.376012037942162
5.373398240040954
3.6667319840727437
3.8831504131843553
6.025628853052767
5.447203987545182
7.505149821369112
8.48659700367493
10.135251722701272
11.919734606058464
13.757693588322956
12.711806472286378
13.700165804000553
13.761460648948745
13.240341204619353
10.848512531102166
9.266419544526828
11.835382646901591
11.335577207849148
12.620041067823438
14.554135697564844
12.132216975526173
10.346929423520972
6.9297777063434305
9.47210796437257
9.818920613763932
8.328216343900463
8.100812272903635
8.999185278063806
9.57436926964728
7.853272815297802
6.4376062193963595
3.249445160699733
3.127803744158845
1.0713260709388432
-1.8276099102639587
-4.978376108822981
-7.471596283524017
-7.922038322375502
-7.699292715561481
-8.105029389841972
-5.129920273866029
-2.7729482518375814
-2.645471977303465
-0.6830660016428207
1.0570915703093995
2.8836945792213493
4.393861395307779
6.074368182350642
3.3915636444456836
4.7443722230245715
4.982747029886358
2.17343957049711
3.1829833502934926
2.897409609980838
1.7790087333714233
-1.5964573857944442
0.8660068694372246
-1.667782591629105
-0.4691131597009487
-1.7168350402207426
0.9024111170711733
2.1969061379536066
1.2626344711039912
-0.8931947450549839
0.24110262588459175
-0.9191836769877381
-1.3496334367095644
0.03221520387989618
1.319996587049916
0.10625546317747375
2.010991435183617
3.4216516971623756
3.5170289492462463
2.0147900212845267
-0.8055007371995633
-2.6391878790952896
0.09520478125508039
-2.4035837291587208
-3.5579918402404465
-3.1611615205550927
-5.989508241261706
-4.123787780634154
-2.9955455267511835
-3.3640426927050866
-2.916702521916351
-1.6200696199553306
0.65663264266651
-0.014851348539880072
-0.0066705596584382965
-0.8691113618904165
-2.4336913519509045
-4.589898289950311
-1.763018765436762
1.1969101571239422
0.12977462821279273
-0.38686148669750553
-2.070768609864971
-2.401505736827181
-4.280660157704004
-1.1659883386913439
-3.949321230361923
-3.3593540538315367
-1.2558699433291016
-2.9363601295178623
-4.208005900695765
-1.9085333260511688
-0.7423194425365707
-0.031797284876260795
-0.07764323480523949
0.02790975343602531
0.0784494575459867
2.662196540873929
1.5850756884080808
0.8840756775808457
-1.6715412494610642
-3.203528595764245
-0.6548014504524395
-3.7770712861237175
-1.794115863762741
-4.0610876214265526
-6.162786223237333
-2.9105336937160096
-0.49062036575038415
-0.9262053176097446
0.27640358548676025
1.4686543576157374
-0.6561977474747717
1.427327016591686
-0.919795954378315
-1.3591289245256097
-0.06031945827259595
-3.002990348240809
-2.167243573149343
0.31834925337532194
2.853425189838631
4.464838542517834
5.570658180959091
7.93602856299466
8.190306084538886
8.775807795414373
5.548727060347547
4.394415105411201
4.439150116338863
5.523224469701955
4.436925324343242
5.416470267455408
7.015403484621877
8.853988640254826
9.303564018008396
11.814192129742976
8.102422334038238
5.93943481783611
5.422919933734739
5.625657685596626
8.102366847845346
6.473329239000032
8.452741539041789
6.84840574823646
4.053012815026519
3.7074565054980613
3.4269181130113076
0.2499828352930443
-0.30703895341902654
1.6500973986329857
4.005848113501611
6.291502042298522
6.346540052897149
5.127919325541843
2.574958645744895
-0.3240067483468013
1.7949032006780277
-0.2702652590603076
0.4032757245554157
1.5152863778955243
2.7200952243591203
0.5319793448645833
2.8285535604592975
1.3791379138718964
1.169846964097333
0.8709896449890614
2.5755775090240456
3.621848611931021
1.7301633078360428
0.23042266472583126
-2.6114003808651463
-4.887289892007186
-7.121515554499591
-7.326198547471424
-8.287653740729274
-10.390192119932562
-12.108840214555286
-9.882114505171927
-11.615167974448402
-10.719988843806837
-10.58526684826304
-10.377414621284558
-13.008878399242551
-13.7370852034398
-14.72036016821044
-14.951138821690321
-12.005546859537851
-10.443994359848146
-9.775915564350024
-10.478945846302382
-7.636182911262203
-8.064290043917085
-9.958425977695125
-11.23103581694742
-12.235559881004974
-13.830262718264978
-14.418536923572379
-12.260359846080567
-10.452627553548659
-9.823973699040948
-8.277193412981767
-6.5550551811168605
-8.396261023424973
-10.539028937729926
-13.0169463155032
-10.91441198453619
-8.56367203903461
-11.049848472507632
-12.113524645177721
-9.438595423157336
-9.577706178677788
-10.15264002589027
-10.345788133015306
-12.537898780288396
-11.282933215158938
-12.869654705545642
-11.163618296196686
-9.463021259693404
-11.422636220282845
-12.68202084600949
-12.380398932449191
-13.256437882117407
-12.56569630861635
-11.903250107527718
-10.845479193723728
-9.636414261519338
-6.543975049494527
-9.047325559558999
-8.463079208265958
-6.03908690040047
-3.3853036005023123
-2.2296960769788035
0.2615040508409561
2.0809878926527725
1.222794837708995
3.6636479317385007
3.296128124309323
3.889307157422378
4.32692785208981
1.0364444914936408
1.8130876922085115
3.2708784684905248
3.6351069947533703
2.512494685512034
2.588381790527601
0.4466340956619495
3.433684329480304
3.883110470061692
4.681000417581961
6.331617993457759
3.9438227734435705
6.397114861727386
5.989901222977163
3.337949391236144
1.0655926918105012
2.411774262523125
5.106342780976748
2.915363271563169
5.083780848448932
7.8870537325603305
6.693185034758093
3.7657404210847982
5.855527217615274
4.4568854967453975
4.990677024363377
5.99259849166063
8.01055715663612
8.133824254805965
4.8411420147677
3.102968989086492
0.008407057690884335
-2.3598325597037406
0.6370410343438089
0.6248045860102104
0.46371861660767905
2.697174917984204
4.593927936366821
3.907406292337738
2.4579098406333637
-0.7847251743508761
-0.38428217777977336
1.860862020614693
0.08946820081873208
2.5584091306274352
4.306132307507735
3.4783714371962473
4.7538705946724
3.3280261839860814
2.021520701980611
3.0915103629935965
4.653468673186905
7.0798273451175335
7.5666995259431715
9.741027833505502
11.32968592467193
12.609814472012298
14.665241364583524
12.334865811899846
11.581962659250221
11.65687849325597
11.39936814936648
11.223945485366436
11.176312319196354
11.150661911859155
9.107248140399102
8.554010765521948
8.422184183339766
8.069248121397282
8.103078607388648
8.578904841107686
9.499266177273144
6.217445519921563
8.590982075407801
8.579605748383758
6.874167626990495
6.021655687429015
5.085038592698002
6.554820732037603
8.84322448521699
8.675895386595114
8.56221500884417
6.7592208286802675
5.11809669518874
6.739277593577519
8.773858335020307
7.620304758471377
4.805309638367253
4.962444393241578
7.247517987147209
3.795612121329797
4.815605711032187
7.447824990885075
9.07495378991509
6.241059709171576
4.664592853559033
7.1425705734874105
6.087348284294145
6.002004738701852
6.663965912964515
6.792534454452851
6.464043036964143
6.894803976947139
6.903072065457268
6.858017180367891
6.513722327225836
6.5814050116529765
6.568086233592812
6.726429022429448
6.8737549349475575
6.935966757054681
7.066456258043214
6.913703390517238
6.790268531630739
7.117373202229019
7.051943663405505
7.284872806625044
7.055320990245134
7.2069170178833755
6.900137569818413
6.953580927318499
6.752559908426959
6.831962650471241
6.829685442539248
6.7249542143794585
6.398638298788271
6.408899459442563
6.092531407960757
5.96322230166171
5.738213551656727
5.8947443704392555
5.841875107158361
5.739264350072111
5.8131920313802
5.582448450176152
5.3855604910824155
5.370089396496727
5.45239085231334
5.254631791048079
5.213535463544728
5.196985781872587
5.5020905045887565
5.391673780830034
5.309192121907302
5.228426749050024
5.248771717577422
5.290581741089603
5.402486791470434
5.357187668840239
5.560334851680704
5.452483325310805
5.248117252501
5.001876905634502
4.7408288308344835
4.5901349971942516
4.668649369219597
4.790853264932839
4.606460478524944
4.67781683029966
4.69377715655578
4.582523396350691
4.822817565014003
4.850043183741793
4.62512133056273
4.558530113521214
4.6423838498324965
4.6205181420030925
4.771695669698657
4.739149795885869
4.532082245172713
4.407918283913247
4.46201143824398
4.337377929737606
4.241895108312717
4.0995674050817685
3.9625226489957837
3.706256066958487
3.8091943394198933
3.6318184477919297
3.859458669076236
3.8253892593595467
3.5675722059528563
3.5696608853928753
3.470612206427524
3.474412198160161
3.625638506697912
3.369921287669654
3.597841144986402
3.3155544256124996
3.543119294777834
3.434544859357915
3.1558502456689186
3.2128766712033916
2.967299864949003
2.906709814546078
2.922442456309105
2.960954172661193
3.045950069255962
3.0507661840359193
2.9794099716879803
2.9103038300318804
3.0671112635327096
