0
0
0.23767380786989784
1.1596667634533988
3.238969961994097
4.333937190281801
4.0936905515647855
3.31527087690196
-1.7697646009575463
-9.516395352104837
-15.981957843618321
-22.789651167504317
-26.547517602334427
-30.10929230763987
-29.845223603596335
-25.42498652646048
-18.525879169150233
-9.883048125419304
-2.995382859920249
3.114434745566305
9.780524120665282
13.898400069633915
14.850535655246755
16.61782391665938
18.936941808959418
18.814161910919967
15.737483209756341
9.397951709885659
2.4727274087706075
-2.5873262740545724
-5.628423731364619
-10.766368222312298
-16.260333192025065
-20.218031700843163
-20.4410875401409
-18.879273993045217
-17.719455463988822
-18.765013136796675
-19.597699222916674
-20.776943006073356
-19.329564179059812
-15.787879853613152
-12.138286357855016
-8.374046459713863
-6.353827201866263
-1.873806047940168
-0.38025980657573344
3.4586113432526355
5.35869696180286
8.93029159878168
13.618652308562686
17.549584054486964
20.514209796525908
24.31754021158419
26.597098906183074
29.57244778821977
28.7259286537987
28.246900848160422
28.18967908401623
28.29838804775224
27.92734984755827
28.978296814080004
30.14193566658798
27.929504465343886
22.648230914338647
14.32832212560463
8.478636967632116
1.2586936574855794
-4.936568866356267
-10.519480766854603
-15.434866597647282
-20.221879963404696
-22.3788647564156
-24.533604820800882
-28.5027655621028
-29.332652213057447
-32.4941903277434
-34.40437384366483
-33.99595198944642
-32.88620022460144
-33.56570863110649
-33.71475079599647
-32.493008748144035
-30.185804788858547
-30.170833873116983
-28.959751448013357
-25.339371647143523
-24.171815884873887
-22.605764900075748
-20.685826805556317
-16.887885534272076
-10.756541012802828
-4.047728494528356
0.807779862497696
3.9743701926770028
8.88732933661757
11.411212442462325
13.890747265505787
14.36490107991716
15.698973172323242
15.359648280775486
13.926433307916096
13.799831217900485
11.473994944139154
11.958057670473439
10.25792718235921
7.116317154556781
7.127567810321482
6.328820024613965
4.4685207100983995
4.517929389121163
4.841093323950608
4.603108269667373
5.615994482785251
8.178590232350894
10.735716680939522
10.384765376485706
11.210721174718325
10.168203802522884
7.035139267956851
3.230088043220242
0.8056869365512709
-2.6101095489078587
-7.364499470446601
-10.295440195910444
-10.362994484216786
-9.89312748864691
-7.521782756594954
-6.418017276152453
-5.686212783235443
-3.887642718206464
-1.9451553142619544
1.488157765707352
0.7988658220338429
-2.342433953862206
-4.82146785762104
-6.050964821299316
-7.129250974180135
-10.53466498895167
-12.949017119518793
-15.954026761099831
-15.7028778027713
-16.760138753242288
-19.334179359983143
-20.849522219771465
-19.418842984317738
-15.951714304855098
-14.179391563589967
-11.676357178708134
-11.900196032177107
-13.928907695530883
-13.594658160416769
-14.892338821109428
-17.657399729942235
-18.622548327548294
-17.438265792270556
-17.778518081606563
-15.486179025215538
-10.711677015561133
-4.644944248826486
0.19049732013732124
1.791844453064286
1.6929106367362698
1.3427326556492973
1.517156285779898
2.9096223831882555
2.447284747400985
2.807587491677431
3.5365595829216834
4.440522309423081
5.063018983107279
8.396774397271203
10.1166245606152
11.44443437462244
13.843539551083689
16.350025968751122
18.158491644130493
18.574033799441303
19.65132290295672
18.697584527861885
16.5658615189706
15.781205276945627
16.543330777372006
14.379243229561585
13.589003518686292
10.723128606807846
7.808438732978493
8.250630681084923
9.516776043553616
11.036213103852768
10.829135605289586
9.617468268567265
9.514038520267425
9.00335389409314
10.386065649350256
12.083213194455318
12.244663797099257
12.8808882657796
14.444329606378329
15.760143509236983
15.010570849941514
15.656976497161235
15.284942039452048
14.192508453442642
12.16899767543385
8.293004381722692
3.482196320452659
-0.16651651720935678
-0.9393061897493169
0.09735423913311703
-0.30040083166473375
-3.7787889964172856
-6.564830305202661
-6.163590791642728
-7.0355581630316015
-9.193478381068434
-8.57186784832276
-8.604259320353144
-9.117599770479691
-11.72515421455963
-11.191877113927355
-10.935396485408049
-10.914573162590466
-8.963802421510575
-5.974151378997691
-6.860736436329097
-8.02890842791497
-6.56096832033428
-3.587894413834678
-1.1357377678414418
1.8901292075354024
5.6918475019323544
10.207610284806929
13.066709253908433
16.055245839675997
16.181934082381645
17.89047411567188
20.774797107865137
20.723264625033533
19.805845303469653
19.71826527660872
21.19736582401823
21.87695279783959
22.67103731976506
24.974411265837887
25.822908783873768
25.808316435113127
25.975536894238417
25.608035873860445
21.541525356181648
14.79032748751347
10.392499797643517
3.911188090845916
-0.19216116175129505
-5.37064806472188
-12.414582654307107
-16.239856405000346
-19.28583933372937
-21.036882044627106
-22.138497563484016
-21.43761348715471
-19.857600334732144
-16.81939544937564
-15.867232501317005
-18.39512900068029
-22.5814317856669
-25.106021413631133
-27.833004373173512
-29.20223297601071
-30.567511399300848
-33.546776622176786
-35.717453029030835
-40.01207097163628
-41.616177974855404
-40.60938105388533
-41.58554059493844
-41.57947712409705
-41.111998144064145
-37.906411500451725
-35.139855956692614
-34.59344597168329
-33.075783046137076
-33.12251200502014
-31.02737007053695
-27.18542428403148
-22.48277755249137
-17.02358213356411
-14.819472681671984
-11.894657710065413
-12.203122427769861
-13.048054572334367
-12.438569361153728
-11.066727447784046
-9.401484494161274
-8.085022969409525
-7.854490079746715
-7.561565678938702
-5.784769533047211
-2.640452825625707
-1.9183892743234834
-2.2273921059433164
-1.8077194948184605
-1.358703670791252
1.1969614636827326
3.87766874108015
5.772275387721722
6.0241107177105295
5.700045394585409
6.931483246429401
10.188598811415806
10.99989254680596
12.330267140939766
10.802375533417607
10.497317354371802
9.260583822650155
6.527372039304039
2.352199013449087
-1.362733472931749
-3.2466325465623296
-2.017446249737166
0.19062864559864323
2.614942171075406
6.063779445748763
10.475346286009632
11.77554403577638
13.556707937313679
16.426510179757138
20.339108673513
24.258114926043817
27.46435638095607
29.862389280619063
31.15182807841469
32.25984531541146
33.01467803802936
33.01527936923779
32.15450498692686
30.8998048354646
29.753038572976426
28.49763226790627
27.738096514522724
26.948136124063403
27.068974863286012
27.448144230861296
28.30327836409397
30.362822908847328
32.3498863844139
35.527955867939404
34.421821974676476
32.8400602473154
31.265709968690313
27.501139041016337
23.296001536597778
20.366398385024855
18.655537426915366
16.359619055140357
11.251610285547436
6.916306118640963
4.625544872022006
0.06979194565981217
-1.5634634897370052
-1.4558650587186452
-4.199784209106773
-6.7051275359388125
-11.340360158567371
-13.257885980263305
-13.31023283345071
-15.356723667074949
-17.38772575067735
-20.596515070604525
-25.42846030074899
-26.622391317039067
-26.142408882590672
-25.59326295259818
-26.569588343080795
-29.384347963827118
-33.39581212902151
-36.27837768400893
-40.76887416692085
-42.730269289633995
-46.282444046289
-47.87548454734771
-48.63514200067337
-46.750157514270114
-44.51154216397192
-44.78838081409728
-42.41024413368483
-41.255888624623395
-40.70493281937103
-39.67379996085114
-39.85793056997664
-40.73404063715889
-40.79180489328007
-40.89451366431895
-42.73871149050043
-45.69797161902693
-47.76017770432732
-48.33444003787472
-46.1833962421516
-45.05673154118049
-44.28981410735839
-44.57099634678442
-43.21895533583058
-40.85311892925233
-40.31632686740976
-39.26422258543779
-36.22739101020731
-33.642540075326885
-32.08001544402239
-27.930584481954718
-21.929190325096847
-16.710340051818847
-11.328287918237875
-6.863895552881355
-1.6356567803811686
5.437312525104144
14.077702176168552
20.810792369553965
25.431370597930602
31.83809998380925
36.482071719425555
39.31557392496452
43.52035929147994
48.49669851955814
54.04769198191228
58.08671653624731
60.28232410921295
61.83192785481982
62.81892503002828
65.70996593646225
65.63345030556064
64.09691001225676
62.25483904746867
60.63998713640153
58.86974642586905
57.86579903149443
58.04784127232895
58.238221354023324
58.985839282782806
61.042577659884216
60.27865607637109
56.144698182614654
51.469564233655596
48.56979946213137
48.31581144909583
46.297510601282625
44.903563458843124
44.51446391892742
44.64576959675608
46.17986390082919
46.242817770165736
46.37954831846813
43.219515457529496
39.906821575914975
33.899943327039324
25.792626405382318
19.70243520432402
15.436835632248659
9.53678133599659
2.546820034270339
-4.511048520582941
-7.986350369158364
-10.096785634432067
-11.046597377422827
-12.649562044231072
-15.106615741223624
-19.220520190684397
-19.9938281555057
-18.55579115260637
-18.03378017739744
-19.184536318467963
-18.342725524241892
-18.081266350041467
-18.256501493560236
-18.263598866176256
-20.145135681243964
-22.220348208146966
-22.871062712521052
-22.46411766043892
-19.3966825697783
-16.47171846278798
-15.142830219289722
-15.037976406707793
-15.539711194395489
-15.789036339840202
-17.20226147286882
-18.897574145168
-18.59077152826159
-17.382746965912172
-18.085457988688592
-16.33742733197596
-12.85722097267864
-10.933315372493528
-11.549314713201863
-10.286225046964056
-8.426703729633996
-6.624728527713505
-6.440132512620554
-4.053514666094155
-2.6338703836145743
-0.678171678124754
3.2634794066498314
5.015105769355668
6.119936782841478
7.457646667434927
6.390726169297001
4.38896538541175
4.690269648448821
5.250348395001389
7.47750088591966
8.384555553540737
6.8932812701574715
5.5929467690292896
6.821202858477575
9.342526820912859
10.02495872044108
13.148735574550804
14.371104487055065
18.058772186402773
21.761394298563076
23.87234611052859
26.92774362869355
29.710199671731054
34.1525469812544
34.84989059423166
35.326381022622954
35.952555493257805
35.458794775262405
34.01115239917395
33.98903525880708
31.99299116317724
31.704482001568095
32.84530754461158
33.05789044278355
34.03842008070582
34.677129283193395
32.01078689232499
31.31496661957118
27.699797127154195
26.431953953939868
22.299831507184848
19.938300673426532
18.484671460385965
18.552296014672987
17.81246566058468
13.68849940556406
8.143752633551657
4.524127151093787
0.5367519897222035
-2.7050695039194146
-3.837754026002237
-4.523267029757661
-8.222592058302189
-10.305335545612154
-10.581222258748511
-14.169109984848122
-17.465423152544005
-19.60094732102256
-22.310206277106303
-25.547859532171746
-26.02414598150987
-26.57853633199167
-29.798537902860176
-35.544765572370025
-42.44666018952102
-49.33443971438288
-53.446303996911006
-55.64841502740734
-55.02319975195526
-56.13769210650116
-55.72305331931164
-56.041448418289505
-54.14905984993263
-51.10630966719082
-49.32100204095383
-48.884464446738946
-47.47714693064757
-43.69242204785287
-38.906984397284134
-33.88274944275342
-29.533151436906117
-23.187785165511105
-18.604636412664245
-15.35219532034736
-10.350939228307341
-8.594024325939412
-5.723853004671617
-3.658498804131824
-0.5242997265786533
-0.311400592378539
1.4613292070754087
1.9759101284327707
2.7331287211004858
1.4933379338151922
1.8570283903426295
2.094008039926763
3.821701452025323
6.38920474703611
10.243879429830125
11.057851780355962
9.22164902222313
8.550527198993457
8.050213919643049
6.324580885628085
6.1691917666594875
4.269830780308485
1.5730334297877735
-0.5574411464426126
-0.9262566765150453
-0.7694921900843794
-0.09008667341829968
-0.6779100572591688
-2.2134039517015696
-2.993456695411234
-5.602979223104434
-9.298330799156185
-12.488423334688635
-13.578100175657534
-16.457848949186374
-21.282615418457542
-25.80928980075695
-31.92834638719632
-37.22086350405638
-39.5623728277044
-41.435579656439565
-43.85769008795145
-44.154414782845336
-46.70434194314846
-50.17614461153606
-53.583574003324415
-57.27302635996031
-58.894823012390404
-61.90453578643036
-60.83973515200513
-57.80701106333744
-56.003856014120316
-53.284406289053564
-51.34379100337115
-46.605764511119965
-42.877293745782026
-41.07206876412191
-39.38993441869016
-39.340557100012745
-39.91503237126489
-41.33916168096692
-39.74911061615764
-36.236368638937705
-35.19129631310005
-33.78905517889966
-29.430746826343636
-25.101511944522937
-20.853910348808615
-14.933277330899879
-10.939292334654223
-8.869668125345026
-8.23848655464041
-8.217905196351555
-6.722438587706642
-4.335383442083773
-2.4877673381193945
-2.383947802109925
-3.696724237089792
-5.427707450721396
-7.454921221945917
-8.707759047675149
-6.3224291589507535
-5.315100630383086
-5.918992951703734
-7.732600687935536
-5.587181383435723
-4.136001300997129
-2.419690039833548
-0.04561207694098357
2.676771405303046
5.097271573454534
10.162940269999076
16.26246461461055
20.559086988480075
21.931134436747477
24.321457433888995
28.240051936900095
31.94329532615269
32.877198956464326
33.12588192068444
33.66973082262586
34.38949536931873
35.7587093044736
38.89823005479978
39.183247347047214
39.07679521318097
39.30425475778698
37.457098152346916
37.21209340379867
35.92296588904152
36.08927319662986
34.363984397834884
33.63561126532011
32.944685513460456
32.422052684789904
29.48010283743529
27.540181436338425
25.70418917997627
22.781661619202723
21.910770941981248
20.05547937149735
19.417420328545234
21.08128725049479
21.815986344120986
19.995566940826812
19.252165612579972
17.2948509234035
16.246082098618814
15.196915919253714
14.46289155620381
12.811281696280501
13.620492306453809
11.706505603077643
11.810570032050565
12.264113687340242
10.095878263731475
6.548783125989187
5.814424991764973
5.078036879020228
5.981829893810858
7.756285479416871
7.4398097852506435
7.4215176454999465
6.0554958669130095
6.583058610412197
5.925492451902299
5.301789995992012
5.71321291434594
4.289151780285517
1.4680148362785364
-2.475155130281184
-7.249784570725149
-11.265844580949315
-16.273450408154286
-19.168734942906394
-22.036070885207522
-22.841681330653493
-22.45137295632697
-24.31005217145517
-25.887553929233448
-28.751405121034878
-31.14734615223456
-32.90757199336943
-31.94626296893993
-32.65679468134491
-31.245556968559093
-31.574124355774867
-30.088923304444354
-29.128175720317707
-29.841059073894034
-28.442219046333506
-25.205782818656214
-22.823362716854326
-21.047355456401842
-21.316439747969007
-20.91104509832304
-18.54588170461
-16.824127784634776
-15.121854505013086
-11.96584089732542
-10.051422341733579
-7.719611939573654
-2.897594849491781
-0.3492107672667677
3.1831166530999417
8.267646994362194
13.575358921546588
16.28309009198679
17.717627966108115
20.085474385887753
19.935652233831824
20.44509454833745
19.17154395087896
19.732034574766157
19.321760343170098
16.683056594609887
13.34978849576053
11.584800732958247
10.19020708718689
7.795535699413527
5.60353277843484
3.1841075255435958
2.9436180508676637
3.2521112028230013
5.453799020840139
9.446608284692543
12.592455445304735
12.621872313255508
14.635983064333494
15.519541028076132
15.99070574473271
17.37409422366338
19.36517932689007
20.503263110747984
21.64275765123582
21.549752716633108
20.75092779640373
17.684760940611604
13.062194080656406
8.75528941438415
4.535504719668319
1.0541446010030517
-0.1105993579178417
-2.063530518114059
-4.988929735807826
-9.152258609150659
-14.898929770255194
-19.90661605426398
-26.633635386107642
-30.356510646038554
-33.445081927885504
-36.88043296331202
-41.144150955048815
-42.242065949581296
-43.24503939191593
-45.34736566431972
-46.83779561906452
-49.758437387717294
-52.82483461574421
-54.70229837701366
-56.497076700893764
-59.10266454126311
-61.85790747672025
-60.92884010132473
-60.37510108485511
-56.42096861307774
-54.416861715386105
-53.963617147443
-53.37205559197443
-53.41065184504986
-51.88717801366722
-50.825630027696064
-47.48756878363483
-41.8408730190682
-37.967115168967325
-35.173100940785915
-34.12592734050182
-30.21117609684549
-27.27108231639554
-24.45698365491411
-20.597874583681662
-15.725581566694915
-12.89341882528536
-9.79981900966605
-4.0514367862626175
1.9022253024850766
7.423666015998599
9.663723408810592
9.664081366268903
8.799772228047138
6.405739794505813
5.812025395324807
4.968503193148375
3.663546314025223
4.076350623687745
6.895147793388369
8.401039291226915
12.678822835221089
17.737894697181332
23.14259759120737
26.37939000619225
29.830017751742403
31.850539025733294
31.36346110874265
28.882201284973398
25.816195661458735
21.704578844376506
17.66725318126506
13.93298198613857
12.07807756410867
9.26557446957904
4.9634325787803375
-0.5280559513988448
-4.422537075038306
-5.697995647281846
-8.935680620676463
-13.20929469395205
-18.444065600422224
-21.04935845106354
-21.747031936952578
-23.767661184850795
-22.5765749418819
-19.895219479039408
-18.99394183572331
-17.944901557838627
-14.62174948523479
-9.291038742745615
-4.714480170467974
-2.3581300198995834
2.7777202417136673
9.990249634905057
14.613005299216635
17.627741213610317
19.48331073909242
22.050978335298343
26.51289907592712
31.83063170185867
37.067357579901426
42.71829309046073
44.21908467020814
42.727748088458654
40.253871548735724
39.02011825210684
38.71190253753195
40.07813791228877
42.19911750853195
42.151637435750345
42.2461868653104
42.60023161481055
40.91005235214963
37.340122608444794
36.37374351334286
37.47280838247282
36.38439857668855
36.769609727438585
38.041551197485084
37.34691456578102
36.25288166204122
34.69254649116678
32.60316091964196
30.389287367238737
28.258063532642005
26.078159649969546
22.896592222575855
19.754282820806772
16.112694424798043
12.207373281014169
8.81992053377292
3.87212077208019
0.8180205615984635
-3.2869990917738607
-7.034075911789046
-8.090012933103356
-10.35887766677153
-12.76823564761239
-13.109863887647716
-11.372758905735367
-10.464979383693978
-9.482757137266054
-10.464532344910975
-9.678976375995282
-10.23258196550646
-8.715220393910613
-5.456615904596568
-0.5609410502835785
4.861462347622973
8.599738967472902
9.635928942868134
12.759761376174161
13.43868849796745
13.054622549756882
9.989629633121886
4.854407872873005
1.172622440895252
-4.013561262800312
-6.170524651175501
-10.218257274546534
-13.042939610119749
-14.193201344680379
-12.828898476495766
-12.262974446267602
-11.913896861608672
-13.395970276395825
-15.5426602711858
-15.887533214100998
-16.498684902290112
-14.703361350289523
-11.718561162048168
-10.52359547285379
-10.994947023529452
-9.624099202938854
-8.746947592741684
-6.541720804415883
-3.971425629926138
0.5446125491947731
2.968177233281044
2.7318400411934896
3.7102859369312533
7.182033826624302
10.22699151805119
10.138595164677634
10.857136643179704
11.178998298792957
12.762598924451082
16.045471316923635
16.32679057700535
13.825398160867353
10.766179296166143
9.691462681213826
9.91060521638212
9.940948391253446
8.68681514058213
9.530903990031193
8.315570596844085
9.006428437210568
6.9992841677335536
6.481240882208254
7.212474694375514
6.823402106259757
8.075959776233375
9.720512104106103
7.973025802174566
8.506900383721867
7.357740977116064
3.227429685641057
1.982329556872958
-0.10638740988794781
0.3265363577208462
-1.9209485049765112
-3.950245689100258
-5.558906850380886
-8.566085402693584
-12.104216832063237
-13.389083686585519
-15.69425454760469
-15.417329279056837
-17.328371681327674
-19.10751359888999
-19.15528459174911
-20.64238123018694
-20.498028796138335
-19.78089108467972
-16.45224607669281
-12.888839818012606
-10.76454925511914
-6.696493261669897
-2.761907799316389
0.8387227748902364
1.0999486545756814
3.916936876285256
4.966146862853143
3.952162010395552
0.3900666520220345
-2.491313437901945
-3.812340440778743
-6.354951412264711
-5.948905733029358
-5.778469964909467
-7.7013006774114405
-10.093440034125308
-9.397177238801376
-7.474478404050578
-5.168659215994361
-1.5144507083313652
-0.6116440598386421
-0.8199466249538188
-0.9256155159821917
-0.3011353512939454
-0.2760246381596585
1.1439325675506207
1.738587039235533
0.8210889003246384
-1.584687908244839
-3.262431228842037
-4.6831738379565735
-6.946774650685501
-7.449760669762262
-9.038490159165162
-12.165204066767476
-14.705144731092894
-13.972416084689527
-10.192284285038983
-4.948567101951838
2.0128231285735287
5.383183652174182
8.117101266549996
9.689342528630657
10.240974155944098
11.629693583995145
11.069253506066424
8.12094576153574
6.470915508076354
3.841852784672313
3.6596844267071837
1.9967869223524213
1.0688067994899622
0.11080160427412178
0.485169085557525
3.313616870205928
5.25654376535671
7.147147956874607
7.463622067154516
8.316200527315457
9.062253044361691
9.331997388124078
12.043676080220925
12.680094336448008
14.338737480772636
16.590372374502707
20.011342431814086
24.239904229422965
26.18865730894539
25.358587813080035
24.575340035561673
23.582591498634994
20.925709074718885
20.048812612640894
18.490964662792067
18.40276739434261
16.203153774893146
13.854195223367896
13.217823540225496
12.869832127490891
12.204277329450552
8.943019062443877
5.812773783999953
0.9312712540640362
-4.641340616835583
-9.832471409627242
-15.06345234989849
-20.605358819495773
-27.078990829916812
-30.570524287241483
-32.285458983987304
-32.734939938569205
-31.23480665902032
-28.727286509940306
-25.607684771616338
-21.814433012650376
-18.541598724431296
-13.657970673546826
-10.953565563575582
-10.25552216074517
-7.50133510547105
-7.202837173864643
-8.447302870517817
-11.190711596388153
-13.601210405383078
-14.749081270960923
-17.844100991893878
-20.170416117240435
-23.034201326615328
-25.736912958324222
-28.65908031663843
-30.931704491158087
-30.486737481994062
-31.53317464569103
-33.721647993676804
-33.40534480262502
-30.75840039974323
-29.142023976373864
-28.284898123626768
-25.75676302779327
-23.980766339034624
-23.329131738952455
-22.653982510564425
-19.97551669696816
-16.263525619470485
-10.617453253473572
-4.668593442345104
-0.3454491991262256
4.521703376391422
8.508480646003747
10.37503539171926
10.195535172098918
8.950799254670017
8.537562363952253
10.77988992693074
10.566732481279448
9.505739763378992
8.00248707366274
9.207912460471245
7.764146173507125
6.713792705978073
8.435723542415662
9.357148806344414
11.171218362393258
13.208975923402239
13.621961033018877
13.598100645477533
11.390191556403574
9.501488356831006
9.96874624259333
8.834905759090791
8.669435189135045
6.935217484751993
5.31703748870923
2.2360543157660357
3.04854401492715
6.101310888667897
6.6900027660440085
9.63651984366997
13.144154983730703
14.204787228182372
14.684061916665843
17.576139604478687
17.893309426546494
20.057341838366376
21.223343688165535
20.275443033692124
18.10677121216385
16.236030407907485
11.88719456682853
6.28350257388931
2.066217699628155
-1.5950923261165246
-3.126788241982829
-4.354109079813027
-6.035170710177857
-8.121981151212093
-8.849322736084503
-9.115659741437458
-9.150570472692841
-10.809460239856142
-10.940538112372622
-8.529602402194346
-6.436204543606659
-5.540082637802678
-3.2944578311684687
0.2831113702548125
3.293534975821468
7.452553855962476
8.555682775408606
11.238595303946147
12.204684220599187
14.834812660768739
16.451065707074616
18.626139808616024
17.566845249185363
14.632531445133507
12.1054276908482
7.93151457803743
6.917681815843072
5.132524218652842
4.259442947860256
2.164803628341904
-1.0663641745225312
-0.8183336189177566
-2.684803852434838
-5.374527414050033
-6.245666305354323
-8.671725479801323
-7.760095445864881
-7.4538894607014505
-6.03251309704248
-6.131472402927917
-5.4772026861642376
-5.314847754951129
-5.842117215508913
-7.45626081755967
-9.035391141397643
-11.625785632613027
-15.360613760346943
-16.387553559783285
-18.696188708775974
-18.069593043755145
-14.213470110834688
-9.085109187146912
-2.651740237615905
2.4917716302640134
5.997692088603472
10.667986772355512
13.799118233605736
13.937190441717313
15.915225678436649
16.61288120678724
14.522574719751136
12.696474517122315
12.26679475023018
10.306370533579688
7.54974693465099
7.118364000041026
9.276467090975416
10.041934091300782
11.997841160495286
12.93819628326268
11.820618259943476
9.563434213939349
6.358405957079578
5.398675848576798
3.1983381742163686
1.9985226465858668
-0.07049502518244521
1.3229828965180856
3.4736333414377856
5.657221612695254
8.521606971110414
11.201675894308407
15.113479699172736
19.189860256826353
22.417432092723274
25.113729524164224
28.56577150153465
30.14760818213629
30.9290637414541
30.552621856014966
32.006779300287185
30.275173936602574
26.992655880288176
22.715704961229218
18.00404733931287
14.370492727549717
9.068781409765307
3.7877878608607163
-1.2417291482137895
-4.705498769367419
-5.807684060980234
-6.335915525115885
-5.653110595762929
-2.6057867585060777
-0.5656666227177116
0.9202457457322206
4.226028343082237
7.920409332554778
9.677961609102674
13.30585079634173
13.388221565504365
14.050199474572198
13.05005975986693
14.429765979242655
13.109821194846717
9.299964576414183
4.25667456765906
-1.269293669138309
-8.35904417828943
-14.001344189665458
-16.984725965660616
-19.001414248167915
-21.0792169693416
-23.30866311492743
-24.26687473123988
-26.067528564215365
-28.091614912437453
-28.82117922591666
-29.61353104426621
-28.419183093967888
-24.302977940104128
-21.195542551244564
-18.437411281673896
-16.374998296666025
-13.089725862138112
-10.585460586774122
-6.380301644813932
-4.281785523035975
-3.96721347814284
-2.912136471306205
-0.052530231657619164
2.729894438626505
6.260405863865005
10.289529142556304
12.91565638142988
16.828007620435525
18.086435447181486
20.260118032633798
20.339435098381777
20.422116916296982
21.364269198004507
19.528599423682877
17.435947719599056
13.514546012271392
12.226613661698519
10.84504113060356
9.922998277932784
7.1793056605573184
3.752295805051962
-0.5130673264921581
-3.1698672588077836
-6.328918993152138
-9.050978326677155
-13.141806323239868
-16.866063012131274
-16.93564485836633
-16.05562811415005
-15.299108046911275
-14.99419612276171
-12.05410077361406
-7.1006687993669715
-0.3007050835692954
4.13716245134951
8.153755527499671
10.010704152249948
9.625210605341849
7.178145692442595
2.341520362044091
-1.8744063371007078
-4.536119384555658
-6.349729323073245
-9.661973505835967
-10.704985539786508
-11.238059386450637
-9.407431927508837
-9.838896803605843
-7.512429021251111
-2.7773273353883168
0.2940929290452418
4.497640064906976
7.767348778802502
11.044510680260064
11.44029986505666
9.70610152663407
8.30593009963347
6.046775636104808
4.12135399235774
3.931112137243252
1.9808495324990028
-0.6096451583577975
-4.3921475825115515
-4.857306524412994
-6.704327189746924
-8.454648286182938
-10.183593272556124
-8.791964374629677
-7.734311599609668
-4.421038558984682
-2.2350607479086095
1.6656094723267152
6.761912218290559
12.880387199487117
17.1745308351774
22.049744096200822
27.825044157395112
33.020954392142826
36.15985616400019
37.39513467014953
38.989374330750465
38.583187836459466
37.70513015846198
37.020465278483734
34.041191035915915
31.604373552327708
29.550817725816163
26.063406915086972
19.97239953670043
16.033915351707442
14.043524176025109
12.191400140373936
8.806657712596792
7.275889798890546
4.400754999578427
1.0713021840557992
-2.565303916967661
-6.269720188531934
-11.798664702416406
-14.42028231387323
-14.858760787899348
-17.6445676115158
-19.85312630062302
-19.406403605130443
-20.82723696881151
-19.495833914636922
-17.8217396776593
-16.916542519628166
-15.940178967085746
-16.48490606083512
-18.012322520047327
-21.06810534580365
-23.477923466918703
-27.124600024510073
-27.679929942617406
-27.86088936468562
-29.598346174224126
-30.075304137309928
-30.532205464014737
-30.672698481797525
-32.297251422715945
-33.28107430895079
-31.0178662138429
-29.480021730735338
-25.597618750587614
-19.497412244286668
-13.286831820098781
-6.826581215717979
-0.5412280718144737
1.610226842695572
1.064924916889525
0.1967802841534767
-0.9077077884415483
-4.473078085902365
-5.716885929982813
-7.980149068346923
-7.2013580458030155
-5.1455572894909025
-3.95529965785802
-4.029372713441594
-5.973687618719053
-5.549575643914679
-5.751607317464215
-5.682279448249628
-5.329686630049518
-1.9378001742339594
0.7652921396965557
2.6284079081557365
2.0899756665869726
2.8612699645214787
4.884042714869324
6.287898206395557
7.400584282553284
7.3011195098622395
5.578624393953856
6.1619239622983635
6.5059968555377825
5.8796084050986215
6.104390719119324
6.866073402939054
7.733242257619047
6.43014616810119
5.925563221512225
4.708224738492328
3.216400154668591
3.26373274641531
3.9222134257495602
6.829368593680787
8.961449148788597
11.891344888947245
13.03149310186795
13.96514523049607
15.415919135110233
17.963955210960215
18.70458991089924
20.00166332826129
20.286084449478686
17.895702292699042
14.808749426154979
11.299454908603394
10.504067347393562
6.785753657250163
2.849526525459409
1.7108771456617893
2.4961768912915363
3.755653777184637
2.6388803970086347
2.9873561854086907
1.2536206571736246
0.12837631662195337
-1.3638195788702188
-5.000943328104164
-9.599505784230384
-11.496819552322634
-11.213925772348706
-9.303083248998204
-6.404498495207575
-3.464153705651743
1.4935125909890419
7.529265060292204
11.143066065197111
11.352378902111607
11.049161938688158
10.650813800289338
9.2035680222157
5.442559097335102
0.9337284632006799
-5.307216738203769
-12.054657438333539
-18.470580651006518
-21.76069990107174
-23.562991205753033
-27.46856134873982
-29.810830419278467
-33.158549000595784
-34.69077400083181
-36.10965703187673
-34.049803820222934
-33.69019144294928
-33.81340090923662
-33.92598379867832
-32.008150910645334
-30.237459737891452
-30.114604693552984
-27.919763263755502
-23.72694231418848
-17.671932410639506
-12.662629074017204
-7.08586567567367
-4.327434122235306
-0.7054221004506376
1.8849577510193583
3.6642282994122315
2.6189218581425187
-0.5086769142493721
-0.5186748984155325
-1.0520725776505762
-1.216013552065718
-2.5561491518569426
-2.0786446016882865
-1.7032989505355367
-1.0659264338350927
-0.10523980624081192
0.5185846369520803
-0.5126423924449015
-2.4321527070555877
-5.1440165248292935
-7.118858312275645
-9.982123183353604
-12.776732169538759
-15.483378845827804
-17.46582241996108
-17.807978107952692
-18.982485498598567
-17.57529580406559
-16.274922693325404
-15.509987880874988
-15.965675802681798
-13.16921574326659
-12.413607283157909
-10.111503650872649
-5.721069321596963
-2.428012045439635
-0.9870212263901808
0.5112208375999727
4.128939020728294
8.739868705413514
12.17232514643639
15.238487155671676
18.009152201347778
21.64762506641546
21.972684992850937
19.98995236923182
16.09828798757181
12.868091513055631
8.989490022270388
5.884029594662355
1.135336255777398
-2.6442055690855417
-4.255588110010851
-5.742077565897957
-4.535848957578772
-1.7956086526526291
2.2166917326276465
5.632791437892747
10.727342784334317
14.307146547249676
15.54262667869531
14.522973514649772
13.502606861713845
13.296515567907868
12.516823591857616
11.03889186621331
7.940254564981993
4.366997389709258
0.5046290368163806
-2.9562933908827995
-7.313041035683735
-11.511010889811143
-11.741877161992022
-9.757231230165367
-9.590561030206835
-9.150847934951543
-9.464155322042183
-8.929122298653196
-8.22780720602372
-6.6095803035009375
-6.921629130137617
-4.4075451785131765
-2.5732790627269786
-1.3878843115642998
-0.46796718846570196
-0.545932159853785
-0.8578699761918971
-3.145586105458161
-4.407243993497859
-6.784615266053256
-9.06704052135443
-8.829246595770533
-7.141189370255528
-2.7466392304739538
-0.9262707119149964
0.8764055194296885
2.0675359548800127
2.5638624076107455
4.054223615864081
2.5682115837224493
0.6353836700080634
-0.2810929534061024
0.8058738925322234
-0.8369173746618876
-3.8926293526384934
-6.219407060942734
-9.74256821799143
-9.594296527375423
-10.215823476097867
-11.169159627838958
-13.134207032042667
-12.743921151679686
-13.170740023042518
-10.865244140323671
-10.585872405205897
-7.670823682911464
-5.580654510917137
-0.878916464373861
4.118972876301562
7.635355049658597
7.687632884589823
8.644786402774544
6.999246389878961
4.387263814710701
3.6632009362767723
2.498366815485091
0.24364646944019785
-0.2392517308000328
1.819753667111553
3.771697243337425
6.683051503868491
7.000465994227302
5.446332840134131
3.889436180304444
4.186068819050863
2.578080887291292
2.572198464188191
3.303422203464679
1.6870757251685236
2.4873780833596424
3.291461848121805
3.4462441002697157
2.0297340635260492
0.3433642615802892
-2.240146738939381
-6.342489164541657
-9.980710167715895
-10.897539996244845
-9.912386748066771
-7.566817608930364
-2.5863282275032153
1.1096545495205434
5.492976497031463
9.098018023046926
13.624748963537321
15.355632423281001
17.727557151333624
20.312968418270867
23.99213814979179
24.442297434437002
22.192966461457903
21.167236622806968
19.817167199632156
20.420777801236753
22.588024568163718
25.356956978975674
26.486159491836467
27.984272905367895
27.08878336145979
24.50101113978402
19.90746922690191
14.797067155264653
9.131309144990546
5.707900930670285
5.615324683741337
7.926681238968385
10.14439494664516
10.591672383645228
12.809081050408604
11.940187126591184
10.038730474343264
5.867079159502818
0.08623527525831509
-3.7459441135733913
-4.658195490130794
-4.950336286025459
-3.737568730247343
-0.8383380927269934
2.941494976512293
4.709821938460878
4.66534070107188
2.1684383123118227
-1.4473052470986945
-3.589559718648092
-3.3627355246398993
-5.588784179798393
-6.25592034166976
-5.058428784138248
-4.666711684397805
-7.318628514105601
-8.321109042172735
-10.769977220673258
-12.600219985725818
-14.79380167667503
-16.899595883908475
-16.157214488861722
-15.486828688588103
-15.996448407844012
-16.075235916270284
-14.649978046946048
-11.05932119927595
-10.105056459439977
-8.512117715841763
-8.583938751114351
-8.707300022471205
-6.714881268371951
-7.027897849488728
-9.173027532887968
-9.75543371995642
-7.917597275197215
-4.649506885431476
-4.357302256272268
-1.4830478760777686
0.7827259526395465
1.1979980701966753
1.4181522854656634
1.9779047682503677
2.9972106574501938
4.565712415227153
7.308070336722343
8.359513482477237
8.189143476393546
9.777099561693813
12.951910878880694
15.076489844073901
15.24913910502232
13.602068995375223
8.901793989466231
6.682505698429564
2.2644185848269345
0.6108311273200018
-1.6264951975420168
-3.407994913651189
-5.658639830525607
-4.952871366925134
-5.674095306878952
-7.288240264950151
-8.060163728387085
-6.690879876192918
-5.693656172351594
-3.5258202635930225
-0.8546038318363955
2.499190424119008
6.33043654941291
10.562972601734899
12.73898662153504
14.946640886443813
16.439459925929544
16.961211751729373
15.094066625739144
12.014648441281144
11.343920512380405
10.24010187992955
9.879875217042954
11.085388333923522
9.781258092145027
7.078607213060098
1.7213385654577138
-0.6632158149976979
-2.577491784768208
-5.562833538052211
-7.951266686725056
-8.88401629825825
-8.778746996516881
-9.727783397242401
-11.235289471433035
-14.657035510436192
-17.10107296363042
-20.320130247615786
-25.499175400136576
-32.00176099588777
-38.879617444171316
-44.39258498461838
-48.24720792323323
-51.23110666350776
-50.75462342159639
-47.947550190635106
-45.09677047782969
-40.72172583809245
-35.3030349283483
-28.9949240388324
-22.383943832878174
-15.362682359723953
-11.734088635647515
-7.993263091438179
-5.121943778634061
-5.4443697078885345
-5.337806846983899
-5.578222258696165
-7.1323276420973665
-11.249842567815005
-12.478641780019984
-15.344576171616144
-16.471705641021565
-18.102711577429815
-16.930138216254917
-14.5452861373059
-12.988963220229696
-13.164660210523433
-12.049396557021122
-11.736111165778492
-11.510243107089819
-9.884309087139265
-7.1954435248214415
-5.7335729259368
-2.7339655680848702
1.1069977641057127
4.53540161877117
6.296826726981855
5.528583877856411
3.5080045335314387
3.9769125268931234
2.463865955980775
-0.4462392081530213
-2.3887513584858557
-6.130283644018324
-7.4676290752461965
-7.420836818339135
-7.4455312878584206
-6.858226684689106
-5.069647202229075
-1.5049109349119032
1.0751449317043513
3.3978236283966057
4.757319085614105
4.742890462827275
3.1027166100273402
3.968021967654564
7.272047438832963
8.885001052826254
9.630985862925888
8.72084205012659
7.570234295921456
4.9970902192947175
5.516556906905789
3.694447130506187
2.621533223150517
3.6527604624518757
3.276832247786541
2.022074520018183
2.9910856375168717
4.941945766890817
7.116728516389143
8.895606582920276
10.490110239733893
11.871308915669232
14.963302211115463
16.13455503205009
15.890100171879196
13.012310221258938
8.855278576454943
7.35112522518617
2.980782460008604
0.6063696772769407
-3.437216188864325
-8.458678682193746
-9.884265682852956
-8.844884291040621
-8.029304003582514
-6.054643588741167
-3.127017906510514
-2.30010331772454
0.322433162426939
0.6809224256028501
0.6116056466290563
1.342134235530167
-0.8699083148739555
-2.443918022618831
-1.7599170696254245
0.4008418604613608
2.9941424382821547
5.652878616378014
9.347853703144544
12.228973371606463
14.632887215886921
13.637075676044628
11.420988045011576
9.349221793294705
8.253462139921405
6.192404115098701
4.945815226604657
5.052717530704472
6.364647951560815
7.421295890427355
10.17409211513684
9.077986667699115
6.1211698348240065
2.9953864071949576
0.525909333180083
0.2204064468036373
-1.4975701646184092
-1.2514800591067026
-2.352948652331759
-5.793786626194323
-8.461214906424262
-10.469069041559175
-14.33814297393536
-17.569966824696387
-18.170161458996294
-16.260929415341003
-12.362503949768008
-8.67823835587102
-6.310122146577959
-6.115191679036807
-8.1232101833763
-7.692422468980139
-8.943753585352342
-9.240949027834029
-8.429081361407333
-6.592103021473672
-6.637694049775457
-4.7207911705285275
-4.082577689471868
-3.7323728856856544
-3.658323489735455
-2.089221875871087
0.11821804138857916
0.2293123362989543
-1.211945821082911
-5.117199017772841
-10.062050835734556
-16.292827310262567
-21.745316717226686
-26.886192431255097
-32.58592536412534
-38.32607983098399
-40.81579247613735
-43.84497249584765
-45.14761324665389
-45.677603140495066
-45.49454414170414
-47.070356464372594
-48.5346511708179
-50.121258768750366
-51.199627324046325
-49.26087965221963
-46.04200572214436
-42.50222956513306
-39.82468092333185
-34.96924328391957
-31.02464431857828
-29.07342799142448
-28.25767791513097
-28.121878754062273
-29.078097762046816
-30.106204655010323
-28.952036329452454
-26.317911061228017
-23.461771908523794
-19.68768000878679
-15.060545230121994
-13.172744402994386
-13.603416408991102
-16.303007310913173
-16.621843075188007
-15.399155233311166
-16.59756610971749
-18.44608862093078
-17.683714926466834
-17.024423389456427
-16.814377955086385
-16.636844652885436
-18.03838646191917
-17.898719328564596
-18.821016269150633
-17.901144670476267
-15.504801471082995
-14.910507312549125
-15.28462298541558
-15.123848447619457
-15.5320199320795
-15.147705127393312
-14.124323007992755
-12.258234998833764
-9.595202764925347
-4.785879490130075
-3.1176745740142984
-1.5836050828043096
1.0588150061379338
4.818840501417744
8.317349600593232
12.772308149973624
17.37628869339138
20.12308398006285
23.866714896852557
26.20713362073811
28.136240855722583
29.710592030991428
28.023522495228757
26.843216767213274
26.660793737511845
26.337981908892274
24.82546415375988
23.318239306245793
20.003092988193906
19.361710664296794
19.069175024577632
18.9577106614732
20.08457801296654
18.86224857065423
19.564325897785892
19.47589752058277
16.78116157558242
12.508147105533716
10.208447417309154
10.381722301050711
8.536488522610538
8.6190666244441
11.27775386488413
12.199554790404997
10.48748985141457
10.599052586539806
9.760321376936014
9.0239150618701
9.031609196585148
10.385569184346027
11.343203977393264
9.169711311034781
5.649850828002965
0.1680099701105524
-6.474253444556048
-9.520205089969817
-11.850352070900001
-13.885200642847487
-13.346702261071039
-11.053546101824812
-9.34908821552665
-9.485593640639784
-12.303452926805036
-14.407481999179659
-14.192748836023906
-15.31740216563204
-13.947567236940323
-11.157078280563248
-9.19797476112256
-6.9568084762485505
-6.0558931879349895
-6.491355742894353
-5.975822158928292
-4.209816504328851
-0.478041302003005
2.6459440108488375
7.020887103604336
11.816314001667102
16.582245897490562
22.141409776824247
24.854736495777065
26.495294976618432
27.885346769066267
28.71256447100059
29.1371071612086
29.333365168536996
29.346817926740528
27.534896006255146
25.469977114284447
23.556843606208737
21.677679158424105
20.23412692379664
19.53789905926221
19.84076820061448
17.542081300618932
17.797179774401584
18.19010194229584
17.345966207358654
16.212751877134703
14.810942455396518
15.170973666537092
17.64704608882806
19.81970165145522
21.784592159440106
22.17682445049622
21.396923104080184
22.330611949085093
24.999309141403188
26.46062432389349
25.560151720954455
25.15864731436619
26.89810326718055
25.680019930843184
25.69920789014075
28.048535938220674
31.4710857733432
32.09851269287262
31.460955252754708
33.10437511343109
33.71140292721707
34.25643779527783
35.356715213552555
36.46759832332408
37.20482081964792
38.251583902088214
39.199720985963154
40.01674765386669
40.475235308147276
40.97219263571431
41.42900683763725
41.98946010491268
42.622449247968746
43.239273157909174
43.89463283647319
44.345271889487115
44.64920692247273
45.19816666355996
45.62316873221492
46.18813981681449
46.48475715204688
46.871346656403794
46.95296341700844
47.07859761553982
47.0296218828564
47.06509872552112
47.10152629879733
47.053604064823695
46.753533441323604
46.522774280850065
46.08061229582688
45.61828775702784
45.061023336563785
44.74011178406561
44.44090915194295
44.11885490488661
43.9220350216737
43.57826848069582
43.142953740053514
42.780539076341825
42.558924703125804
42.22278039034148
41.921701803876644
41.67031055791121
41.72343500748506
41.68479244198093
41.59323795822226
41.45924620075377
41.37416005049459
41.34574349710143
41.421258811833276
41.452953597155926
41.651454563745176
41.73064753718116
41.632190747881374
41.353675296518674
40.91704345460789
40.441132315201266
40.12242462441199
39.969024104470314
39.69982558920979
39.54542778169176
39.439764880035646
39.27024567714763
39.33657133183882
39.421731414510035
39.31477578303123
39.180736425642685
39.14804217316428
39.11168216973314
39.21475157825915
39.28076179588252
39.17329418975651
38.99130162681855
38.89473528455059
38.72202325004392
38.51107938697561
38.230801645511185
37.898731819113245
37.42734661232582
37.13727704995706
36.766794607202876
36.66309151753878
36.56441466752899
36.28647431907008
36.07518105778042
35.83589623161245
35.65886659878749
35.654778470119204
35.45918236831169
35.503317697718344
35.32447389020461
35.38214820291116
35.357966781890134
35.12655279732344
35.00132321811534
34.715263609353535
34.44932899389644
34.263653451751544
34.16311402202703
34.17069626877475
34.2011356993928
34.187309269792024
34.13969862411226
34.2486844080433
